2.6989700043360187	786.0078097221235
2.731651734379018	629.6509475640512
2.7620452718683604	468.7198485366958
2.7904501708770546	237.87517057892367
2.8171107587044117	164.50294518352348
2.842228929167484	221.42335848477012
2.8659734333537568	206.45580389719507
2.888486759048365	175.66069141704665
2.909890312923785	145.67759918982287
2.9302883844269214	120.63437768979684
2.9497712196828427	101.3226569235783
2.968417434931491	87.15435939375269
2.9862959327956307	76.97955822489756
3.0034674394325376	69.67965457480474
3.019985749159702	64.42212911583574
3.035898740914997	60.663386801791894
3.051249214974087	58.074408572506904
3.066075586766941	56.47157669147085
3.080412466115535	55.768286043947064
3.094291143874864	55.94256470345205
3.107740003191283	57.01387572023375
3.12078486897062	59.0245668516379
3.133449306372366	62.024136081443885
3.145754876999771	66.05652440702757
3.15772135978264	71.15149319148276
3.1693669422356616	77.32070881014707
3.1807083867358155	84.55803945635974
3.1917611756347988	92.8426529451478
3.2025396383592106	102.14328706504374
3.2130570631165867	112.42243945537656
3.2233257953918755	123.63980294520815
3.233357325065615	135.75475125674754
3.2431623636955598	148.72795757930203
3.2527509132651566	162.52233663423848
3.2621323275051224	177.10350938036117
3.2713153667305916	192.4399555362083
3.2803082469996494	208.50297560771165
3.289118684284615	225.26654561492978
3.297753934251176	242.70711837629034
3.306220828159253	260.8034046280071
3.31452580533066	279.536153563871
3.322674942570168	298.8879436149487
3.3306739808766985	318.84298885463414
3.338528349738771	339.38696315169506
3.3462431892717173	360.50684230875225
3.3538233704227167	382.1907633931278
3.3612735134425678	404.42789995549293
3.3685980047996056	427.20835162747164
3.375801012690817	450.5230465610122
3.3828865012874973	474.3636552394885
3.389858243837343	498.7225143048848
3.3967198347314103	523.5925591785989
3.4034747006325436	548.967264389186
3.4101261107515386	574.840590650052
3.4166771863481724	601.2069378493269
3.4231309095262317	628.0611032213135
3.429490131384568	655.3982440636868
3.4357575795799447	683.2138444477507
3.441935865351892	711.5036854413693
3.448027490054848	740.2638184269535
3.454034851238486	769.4905411511108
3.4599602483132155	799.1803761894298
3.4658058878343616	829.3300515503304
3.471573888435417	859.9364831768086
3.4772662854379592	890.9967591350908
3.4828850351633407	922.5081253052936
3.4884320189690072	954.4679724117333
3.49390904703028	986.8738242501589
3.4993178618866287	1019.7233269861144
3.50466014176981	1053.0142394134393
3.5099375037297906	1086.7444240748002
3.515151506573007	1120.9118391573365
3.520303653626332	1155.5145310863418
3.5253953953390047	1190.5506277484856
3.530428131733792	1226.0183322836185
3.5354032147177445	1261.9159173908129
3.54032195026209	1298.241720100123
3.5451856004600564	1334.9941369666853
3.54999538547074	1372.1716196483017
3.554752485356503	1409.7726708316757
3.5594580418208284	1447.795840475995
3.564113159853027	1486.2397223457413
3.5687189092857357	1525.1029508073675
3.5732763262706846	1564.3841978670082
3.5777864146778358	1604.082170428577
3.5822501474226156	1644.1956077536267
3.5866684677256297	1684.7232791060642
3.5910422903089434	1725.6639815664462
3.595372502532718	1767.016538001969
3.599659965475744	1808.7797951795574
3.6039055149631505	1850.9526220105904
3.6081099625443716	1893.5339079168348
3.6122740964242226	1936.522561308082
3.616398682349762	1979.9175081628307
3.6204844644554353	2023.7176907040869
3.6245321660688337	2067.9220661630698
3.6285424904792447	2112.5296056241777
3.6325161216710486	2157.539292945196
3.636453725023859	2202.950123747162
3.640355947981215	2248.7611044688238
3.644223420689492	2294.9712514809853
3.6480567566086184	2341.579590256478
3.6518565530960743	2388.585154591779
3.655623391965559	2435.986985876675
3.659357840021646	2483.7841324085794
3.663060449571636	2531.975648748457
3.666731758915784	2580.5605951154766
3.670372292816972	2629.538036817794
3.6739825629508625	2678.9070437170076
3.6775630683374954	2728.6666897240525
3.6811142957552367	2778.816052324473
3.6846367201379406	2829.3542121311007
3.688130804956135	2880.2802524624344
3.691597002582996	2931.593258944963
3.695035754645827	2983.292319138015
3.698447492363742	3035.3765221796275
3.701832636872178	3087.8449584521327
3.7051915995348645	3140.696719266253
3.7085247822438157	3193.9308965625596
3.711832577707905	3247.5465826291825
3.715115369730523	3301.5428698348614
3.718373533476831	3355.918850376353
3.721607435731054	3410.6736160393402
3.7248174351442724	3465.806257972087
3.7280038824731174	3521.3158664710236
3.7311671208097787	3577.2015307776287
3.7343074858036904	3633.462338885889
3.7374253058752647	3690.0973773597993
3.7405209024220056	3747.105731160246
3.7435945900173273	3804.4864834808263
3.746646676602388	3862.2387155920464
3.7496774636712313	3920.361506693428
3.7526872464495082	3978.8539337731386
3.755676314067052	4037.715071474669
3.7586449497245544	4096.943991970196
3.7615934308545804	4156.539764840304
3.7645220292771593	4216.501456959638
3.7674310113501597	4276.828132388295
3.770320638114667	4337.518852268506
3.7731911654355486	4398.572674726455
3.776042844137416	4459.988654778903
3.7788759201361373	4521.7658442443535
3.7816906345661017	4583.903291658582
3.7844872239033776	4646.400042194273
3.7872659200849332	4709.255137584543
3.7900269506240685	4772.467616050187
3.7927705387222	4836.036512230416
3.795496903377137	4899.960857116994
3.7982062594879786	4964.239677991498
3.8008988179567633	5028.8719983656465
3.803574785786981	5093.8568379244625
3.806234366179074	5159.193212472232
3.808877758623029	5224.880133881001
3.811505158988166	5290.916610041627
3.814116759610234	5357.301644817155
3.8167127493758954	5424.034237998428
3.8192933138047076	5491.113385261937
3.8218586351286783	5558.538078129596
3.824408892369488	5626.307303930596
3.8269442614134555	5694.420045765024
3.829464915084331	5762.875282469356
3.8319710232139883	5831.671988583569
3.8344627527110853	5900.809134319955
3.836940267627771	5970.285685533441
3.8394037292244976	6040.100603693405
3.841853296033007	6110.252845856946
3.844289123917547	6180.741364643467
3.8467113661343864	6251.565108210596
3.849120173389671	6322.723020231337
3.8515156938956956	6394.214039872419
3.8538980734256185	6466.037101773816
3.8562674553666976	6538.191136029301
3.8586239807720712	6610.675068168117
3.860967788411147	6683.487819137619
3.863299014818638	6756.628305286908
3.865617794342288	6830.095438351358
3.8679242591893304	6903.888125438073
3.870218539471722	6978.005269012187
3.8725007632501827	7052.445766883964
3.87477105657709	7127.20851219673
3.877029543538257	7202.292393415538
3.879276346293625	7277.696294316565
3.8815115851169137	7353.419093977222
3.8837353784342583	7429.459666766926
3.885947842861853	7505.816882338564
3.888149093242652	7582.489605620506
3.890339242682136	7659.4766968093245
3.892518402583188	7736.777011363004
3.894686682680092	7814.389399994783
3.8968441910716933	7892.312708667474
3.8989910342537364	7970.5457785883855
3.9011273171504066	8049.08744620465
3.9032531431451005	8127.93654319915
3.905368614110449	8207.091896486803
3.9074738304376093	8286.552328211406
3.909568891064853	8366.316655742834
3.911653893505466	8446.383691674713
3.913728933874984	8526.752243822508
3.9157941069177773	8607.421115221958
3.917849506033011	8688.389104127973
3.919895223299989	8769.655004013815
3.9219313495029073	8851.217603570743
3.9239579741550283	8933.075686707902
3.925975185522293	9015.228032552652
3.9279830706463894	9097.673415451127
3.9299817153672896	9180.410604969204
3.9319712043452677	9263.43836589376
3.93395162108242	9346.755458234155
3.9359230479436937	9430.360637224136
3.9378855661774432	9514.25265332389
3.939839255935519	9598.43025222252
3.9417841962929145	9682.892174840645
3.943720465266966	9767.637157333369
3.945648139836136	9852.663931093453
3.947567295958371	9937.971222754783
3.949478008589065	10023.557754195961
3.9513803516986257	10109.422242544335
3.953274398289653	10195.563400180052
3.955160220413756	10281.979934740459
3.9570378891879923	10368.670549124718
3.958907474810966	10455.633941498545
3.9607690465785725	10542.868805299302
3.9626226728994114	10630.373829241122
3.96446842130987	10718.147697320426
3.966306358488889	10806.189088821444
3.9681365502724146	10894.496678322084
3.9699590616675504	10983.069135699881
3.9717739568664125	11071.905126138177
3.9735812992596955	11161.003310132526
3.9753811514499575	11250.362343497141
3.977173575264632	11339.980877371676
3.9789586317687715	11429.85755822801
3.9807363812775316	11519.991027877408
3.982506883368398	11610.379923477589
3.984270196893167	11701.02287754019
3.986026379989686	11791.91851793824
3.98777549009335	11883.065467913844
3.98951758394838	11974.462346085993
3.9912527176188624	12066.107766458585
3.9929809464995785	12158.000338428506
3.994702325326615	12250.13866679392
3.9964169081877663	12342.52135176266
3.998124748532732	12435.146988960847
3.999825899183115	12528.014169441476
4.001520412342224	12621.121479693338
4.003208339604686	12714.467501649935
4.0048897319658705	12808.050812698622
4.006564639831139	12901.869985689766
4.008233113024907	12995.923588946167
4.009895200799539	13090.210186272523
4.011550951844073	13184.728336965041
4.0132004142927755	13279.476595821188
4.014843635733545	13374.453513149549
4.016480663216141	13469.657634779789
4.018111543260274	13565.087502072827
4.019736321863536	13660.741651930966
4.02135504450918	13756.618616808342
4.022967756173769	13852.716924721313
4.0245745013346665	13949.035099259077
4.026175323977399	14045.57165959434
4.027770267602884	14142.325120494184
4.029359375234519	14239.293992330908
4.030942689425147	14336.476781093159
4.032520252263893	14433.871988396984
4.034092105382879	14531.478111497197
4.035658289963813	14629.29364329866
4.037218846744467	14727.31707236781
4.038773816025032	14825.546882944243
4.040323237674365	14923.981554952396
4.0418671511361195	15022.619564013377
4.0434055954347725	15121.459381456854
4.044938609181544	15220.499474333088
4.046466230580208	15319.738305425062
4.047988497432811	15419.174333260687
4.049505447145277	15518.806012125171
4.0510171167329325	15618.631792073398
4.052523542825916	15718.65011894254
4.054024761674508	15818.859434364658
4.055520809154371	15919.258175779467
4.057011720771682	16019.844776447171
4.0584975316681975	16120.617665461434
4.0599782766262225	16221.575267762404
4.061453990073494	16322.716004149908
4.0629247060879825	16424.03829129667
4.064390458402619	16525.540541761697
4.065851280409935	16627.221164003684
4.067307205166621	16729.078562394665
4.068758265398028	16831.11113723358
4.070204493502568	16933.317284760065
4.071645921556064	17035.695397168274
4.073082581316011	17138.243862620926
4.074514504225781	17240.961065263255
4.075941721418747	17343.845385237215
4.077364263722349	17446.895198695714
4.078782161662085	17550.108877816976
4.080195445465444	17653.484790818988
4.081604145065772	17757.02130197401
4.0830082901060765	17860.716771623294
4.084407909942769	17964.569556191735
4.085803033649345	18068.578008202767
4.087193690020014	18172.740476293293
4.0885799075732585	18277.055305228758
4.089961714555348	18381.520835918167
4.091339138943789	18486.13540542943
4.0927122084507275	18590.89734700465
4.094080950526289	18695.80499007554
4.095445392361878	18800.856660278954
4.096805560893414	18906.050679472533
4.0981614828045245	19011.385365750342
4.099513184529686	19116.859033458837
4.100860692257314	19222.469993212588
4.102204031932809	19328.216551910456
4.103543229261556	19434.09701275159
4.104878309711872	19540.10967525173
4.106209298517915	19646.25283525941
4.107536220682545	19752.52478497243
4.108859100980141	19858.92381295433
4.110177963959378	19965.44820415102
4.1114928339459595	20072.096239907412
4.11280373504531	20178.866197984265
4.114110691145228	20285.756352575067
4.1154137259184935	20392.764974323014
4.1167128628254455	20499.89033033812
4.118008125116514	20607.130684214364
4.119299535834718	20714.48429604702
4.120587117818124	20821.94942245
4.121870893702269	20929.524316573395
4.123150885922551	21037.20722812098
4.1244271167165785	21144.996403367924
4.125699608126488	21252.890085178606
4.126968382001233	21360.88651302447
4.12823345999883	21468.983923001953
4.1294948635885795	21577.180547850625
4.13075261405325	21685.474616971347
4.132006732491236	21793.864356444563
4.133257239818677	21902.34798904862
4.134504156771556	22010.923734278284
4.1357475039077585	22119.589808363362
4.136987301609105	22228.34442428724
4.138223570083362	22337.185791805794
4.139456329366212	22446.112117466277
4.140685599323205	22555.121604626125
4.141911399651678	22664.212453472246
4.143133749882651	22773.382861040023
4.144352669382691	22882.63102123275
4.145568177355754	22991.955124840908
4.146780292845003	23101.35335956165
4.147989034734594	23210.823910018466
4.149194421751446	23320.36495778077
4.150396472466976	23429.97468138379
4.151595205298824	23539.651256348363
4.152790638512534	23649.39285520102
4.153982790223238	23759.197647493995
4.155171678397293	23869.063799825515
4.15635732085391	23978.989475859995
4.157539735266755	24088.97283634855
4.158718939165531	24199.012039149464
4.159894949937534	24309.105239248744
4.161067784829197	24419.25058878093
4.162237460947604	24529.44623704987
4.163403995261985	24639.690330549638
4.164567404605198	24749.98101298558
4.165727705675184	24860.316425295463
4.1668849150364045	24970.6947056706
4.16803904912126	25081.113989577396
4.169190124231494	25191.572409778626
4.170338156539569	25302.068096355073
4.171483162090034	25412.599176727104
4.1726251568008665	25523.163775676527
4.173764156464805	25633.760015368454
4.174900176750654	25744.386015373195
4.176033233204582	25855.03989268842
4.177163341251395	25965.71976176131
4.178290516195798	26076.42373451086
4.179414773223636	26187.14992035035
4.180536127403127	26297.89642620967
4.181654593686067	26408.66135655819
4.182770186909034	26519.442813427257
4.183882921794559	26630.238896433148
4.1849928129523	26741.047702800035
4.186099874880192	26851.867327382934
4.1872041219655785	26962.695862690936
4.188305568486337	27073.53139891044
4.189404228611988	27184.37202392855
4.190500116404785	27295.21582335653
4.191593245820796	27406.060880553432
4.19268363071097	27516.905276649766
4.193771284822194	27627.747090571338
4.194856221798323	27738.584399063093
4.195938455181219	27849.41527671333
4.197017998411755	27960.237795977602
4.1980948648308205	28071.05002720313
4.199169067680316	28181.850038653185
4.200240620104119	28292.6358965314
4.20130953514906	28403.405665006492
4.202375825765867	28514.157406236925
4.203439504810112	28624.889180395672
4.204500585043141	28735.59904569525
4.205559079132989	28846.285058412588
4.206614999655291	28956.94527291426
4.207668359094177	29067.57774168174
4.208719169843156	29178.180515336757
4.209767444205995	29288.751642666775
4.2108131943975815	29399.28917065051
4.211856432544774	29509.7911444838
4.212897170687253	29620.255607605246
4.213935420778347	29730.680601722277
4.214971194685861	29841.064166837074
4.21600450419289	29951.404341272868
4.217035360998622	30061.699161699995
4.218063776719133	30171.94666316258
4.219089762888174	30282.14487910477
4.220113330957944	30392.291841397426
4.221134492299861	30502.38558036497
4.222153258205315	30612.42412481205
4.2231696398864225	30722.40550205064
4.224183648476764	30832.327737926935
4.2251952950321146	30942.18885684882
4.22620459053117	31051.986881812856
4.227211545876259	31161.719834431908
4.228216171894055	31271.385734962645
4.229218479336266	31380.982602333137
4.2302184788803325	31490.508454170613
4.2312161811301054	31599.961306829435
4.2322115966165255	31709.339175419038
4.233204735798283	31818.64007383197
4.234195609062486	31927.862014772294
4.235184226725305	32037.003009783806
4.2361705990326195	32146.061069278545
4.237154736160657	32255.034202565344
4.238136648216622	32363.92041787854
4.2391163452393155	32472.71772240694
4.2400938371997565	32581.42412232239
4.241069134001788	32690.037622809286
4.242042245482676	32798.55622809338
4.243013181413712	32906.97794147128
4.243981951500794	33015.300765339736
4.244948565385017	33123.52270122526
4.245913032643239	33231.64174981373
4.246875362788658	33339.65591098008
4.247835565271372	33447.56318381831
4.248793649478937	33555.36156667143
4.249749624736915	33663.04905716153
4.250703500309421	33770.62365222013
4.251655285399663	33878.08334811837
4.252604989150472	33985.42614049772
4.253552620644827	34092.65002440032
4.254498188906383	34199.75299429992
4.255441702899982	34306.73304413251
4.256383171532162	34413.58816732749
4.257322603651665	34520.31635683858
4.258260008049932	34626.91560517508
4.259195393461601	34733.38390443316
4.260128768564992	34839.71924632737
4.2610601419825915	34945.91962222208
4.26198952228153	35051.98302316323
4.262916917974054	35157.907439910174
4.263842337517997	35263.690862967436
4.26476578931724	35369.33128261694
4.265687281722165	35474.82668895005
4.26660682303012	35580.17507189985
4.267524421485853	35685.37442127361
4.268440085281966	35790.422726785284
4.269353822559351	35895.31797808808
4.2702656414076205	36000.05816480739
4.271175549865542	36104.641276573464
4.272083555921462	36209.06530305458
4.272989667513726	36313.32823399018
4.273893892531094	36417.428059223894
4.274796238813154	36521.362768737265
4.275696714150733	36625.130352682914
4.2765953262862935	36728.72880141837
4.277492082914336	36832.15610553968
4.2783869916818	36935.41025591538
4.279280060188445	37038.48924372035
4.2801712959872455	37141.39106047003
4.281060706584771	37244.113698054534
4.2819482994415665	37346.65514877312
4.282834081972529	37449.013405368474
4.283718061547273	37551.18646106157
4.284600245490511	37653.172309586145
4.285480641082401	37754.968945223554
4.2863592555589225	37856.574362837906
4.287236096112223	37957.98655791096
4.288111169890977	38059.20352657732
4.288984484000732	38160.223265659915
4.289856045504258	38261.0437727053
4.290725861421886	38361.66304601927
4.291593938731852	38462.07908470253
4.29246028437063	38562.28988868658
4.293324905233265	38662.29345876949
4.294187808173702	38762.08779665207
4.295049000005115	38861.67090497409
4.295908487500223	38961.040787350415
4.296766277391618	39060.195448407576
4.297622376372075	39159.13289382022
4.298476791094869	39257.85113034779
4.2993295281740815	39356.34816587134
4.300180594184912	39454.62200943048
4.301029995663981	39552.670671260195
