2.6989700043360187	989.758852689469
2.731651734379018	821.1907950084624
2.7620452718683604	679.5654364543678
2.7904501708770546	528.6911439281264
2.8171107587044117	442.85271634023405
2.842228929167484	393.89706658477763
2.8659734333537568	334.146154429284
2.888486759048365	280.7110716619608
2.909890312923785	235.4903253817808
2.9302883844269214	198.75050092437965
2.9497712196828427	170.24838840387025
2.968417434931491	148.994046441031
2.9862959327956307	133.42688638449096
3.0034674394325376	121.974982851775
3.019985749159702	113.40117771344322
3.035898740914997	106.83938214647081
3.051249214974087	101.70782543609475
3.066075586766941	97.61684933987954
3.080412466115535	94.30171278090666
3.094291143874864	91.57876954332885
3.107740003191283	89.31776305022545
3.12078486897062	87.4243011196697
3.133449306372366	85.82861588212559
3.145754876999771	84.47821551305894
3.15772135978264	83.33297943978557
3.1693669422356616	82.3618161042699
3.1807083867358155	81.54033994719829
3.1917611756347988	80.84922649890927
3.2025396383592106	80.27302731025374
3.2130570631165867	79.79930237736724
3.2233257953918755	79.41797549842946
3.233357325065615	79.12084863084121
3.2431623636955598	78.90123130455764
3.2527509132651566	78.75365441397543
3.2621323275051224	78.67364666021179
3.2713153667305916	78.65755804568971
3.2803082469996494	78.70241908272388
3.289118684284615	78.80582737830561
3.297753934251176	78.96585539791609
3.306220828159253	79.18097475684534
3.31452580533066	79.44999351624708
3.322674942570168	79.7720037943012
3.3306739808766985	80.14633762400105
3.338528349738771	80.57252945652955
3.3462431892717173	81.05028406402894
3.3538233704227167	81.57944886706584
3.3612735134425678	82.15998992127821
3.3685980047996056	82.79197095983601
3.375801012690817	83.4755350146297
3.3828865012874973	84.21088823778996
3.389858243837343	84.99828562240559
3.3967198347314103	85.83801838179504
3.4034747006325436	86.73040279395103
3.4101261107515386	87.67577035454744
3.4166771863481724	88.6744591103166
3.4231309095262317	89.72680606636509
3.429490131384568	90.8331405774544
3.4357575795799447	91.99377864553932
3.441935865351892	93.20901805483162
3.448027490054848	94.47913428209729
3.454034851238486	95.80437712441768
3.4599602483132155	97.18496798976942
3.4658058878343616	98.62109779793063
3.471573888435417	100.1129254407438
3.4772662854379592	101.66057675194186
3.4828850351633407	103.26414393778495
3.4884320189690072	104.92368542082376
3.49390904703028	106.63922605031492
3.4993178618866287	108.41075763423879
3.50466014176981	110.2382397495462
3.5099375037297906	112.12160078920225
3.515151506573007	114.06073920678705
3.520303653626332	116.05552492182953
3.5253953953390047	118.10580085165046
3.530428131733792	120.2113845382272
3.5354032147177445	122.37206984141586
3.54032195026209	124.58762867272752
3.5451856004600564	126.85781274670195
3.54999538547074	129.18235532971826
3.554752485356503	131.56097296878013
3.5594580418208284	133.99336718539033
3.564113159853027	136.47922612205454
3.5687189092857357	139.01822613120805
3.5732763262706846	141.61003329843334
3.5777864146778358	144.2543048937202
3.5822501474226156	146.95069074620912
3.5866684677256297	149.6988345393606
3.5910422903089434	152.4983750248089
3.595372502532718	155.3489471542964
3.599659965475744	158.25018313005825
3.6039055149631505	161.20171337484342
3.6081099625443716	164.20316742343405
3.6122740964242226	167.2541747380711
3.616398682349762	170.35436545062402
3.6204844644554353	173.50337103467106
3.6245321660688337	176.7008249108934
3.6285424904792447	179.94636298934418
3.6325161216710486	183.23962415224764
3.636453725023859	186.58025068101597
3.640355947981215	189.96788863116063
3.644223420689492	193.4021881587181
3.6480567566086184	196.8828038017326
3.6518565530960743	200.40939472022183
3.655623391965559	203.9816248979285
3.659357840021646	207.59916330901268
3.663060449571636	211.2616840526906
3.666731758915784	214.96886645866167
3.670372292816972	218.72039516600725
3.6739825629508625	222.51596017807634
3.6775630683374954	226.35525689571256
3.6811142957552367	230.23798613101806
3.6846367201379406	234.16385410369244
3.688130804956135	238.13257242183795
3.691597002582996	242.143858048973
3.695035754645827	246.19743325886594
3.698447492363742	250.29302557966415
3.701832636872178	254.43036772867234
3.7051915995348645	258.6091975390223
3.7085247822438157	262.8292578793588
3.711832577707905	267.09029656757536
3.715115369730523	271.3920662795276
3.718373533476831	275.73432445357633
3.721607435731054	280.11683319171914
3.7248174351442724	284.53935915800093
3.7280038824731174	289.0016734748258
3.7311671208097787	293.5035516177199
3.7343074858036904	298.0447733090471
3.7374253058752647	302.6251224111171
3.7405209024220056	307.24438681908055
3.7435945900173273	311.90235835395924
3.746646676602388	316.5988326561185
3.7496774636712313	321.33360907945297
3.7526872464495082	326.1064905865193
3.755676314067052	330.9172836448237
3.7586449497245544	335.765798124439
3.7615934308545804	340.65184719710595
3.7645220292771593	345.5752472369444
3.7674310113501597	350.5358177228877
3.770320638114667	355.5333811429261
3.7731911654355486	360.5677629002353
3.776042844137416	365.63879122124956
3.7788759201361373	370.7462970657216
3.7816906345661017	375.8901140388083
3.7844872239033776	381.07007830519996
3.7872659200849332	386.2860285053124
3.7900269506240685	391.5378056735415
3.7927705387222	396.8252531585858
3.795496903377137	402.14821654582204
3.7982062594879786	407.50654358172727
3.8008988179567633	412.90008410032107
3.803574785786981	418.32868995161317
3.806234366179074	423.79221493202505
3.808877758623029	429.2905147167583
3.811505158988166	434.8234467940776
3.814116759610234	440.3908704014733
3.8167127493758954	445.9926464636697
3.8192933138047076	451.62863753243954
3.8218586351286783	457.2987077281857
3.824408892369488	463.00272268325597
3.8269442614134555	468.7405494869408
3.829464915084331	474.5120566321265
3.8319710232139883	480.31711396354893
3.8344627527110853	486.15559262761997
3.836940267627771	492.02736502377616
3.8394037292244976	497.9323047573142
3.841853296033007	503.8702865936719
3.844289123917547	509.84118641411277
3.8467113661343864	515.8448811727774
3.849120173389671	521.8812488550611
3.8515156938956956	527.9501684372809
3.8538980734256185	534.0515198475929
3.8562674553666976	540.1851839281213
3.8586239807720712	546.3510423982705
3.860967788411147	552.548977819174
3.863299014818638	558.7788735592549
3.865617794342288	565.0406137608569
3.8679242591893304	571.3340833079209
3.870218539471722	577.6591677946648
3.8725007632501827	584.0157534952452
3.87477105657709	590.4037273343625
3.877029543538257	596.822976858787
3.879276346293625	603.2733902097685
3.8815115851169137	609.7548560963098
3.8837353784342583	616.2672637692721
3.885947842861853	622.8105029962853
3.888149093242652	629.3844640374411
3.890339242682136	635.9890376217419
3.892518402583188	642.6241149242778
3.894686682680092	649.2895875441177
3.8968441910716933	655.9853474828801
3.8989910342537364	662.7112871239716
3.9011273171504066	669.4672992124647
3.9032531431451005	676.2532768355993
3.905368614110449	683.0691134038843
3.9074738304376093	689.9147026327814
3.909568891064853	696.7899385249544
3.911653893505466	703.69471535306
3.913728933874984	710.628927643072
3.9157941069177773	717.5924701581092
3.917849506033011	724.5852378827666
3.919895223299989	731.6071260079161
3.9219313495029073	738.658029915978
3.9239579741550283	745.7378451666365
3.925975185522293	752.8464674829917
3.9279830706463894	759.9837927381307
3.9299817153672896	767.149716942105
3.9319712043452677	774.344136229307
3.93395162108242	781.5669468462183
3.9359230479436937	788.8180451395382
3.9378855661774432	796.0973275446605
3.939839255935519	803.4046905745047
3.9417841962929145	810.740030808677
3.943720465266966	818.1032448829579
3.945648139836136	825.494229479106
3.947567295958371	832.9128813149667
3.949478008589065	840.3590971348721
3.9513803516986257	847.8327737003317
3.953274398289653	855.3338077810006
3.955160220413756	862.8620961459103
3.9570378891879923	870.4175355549709
3.958907474810966	878.0000227507103
3.9607690465785725	885.6094544502747
3.9626226728994114	893.245727337651
3.96446842130987	900.9087380561341
3.966306358488889	908.5983832010003
3.9681365502724146	916.3145593124119
3.9699590616675504	924.0571628685213
3.9717739568664125	931.8260902787838
3.9735812992596955	939.6212378774649
3.9753811514499575	947.442501917337
3.977173575264632	955.2897785635688
3.9789586317687715	963.1629638877831
3.9807363812775316	971.0619538623016
3.982506883368398	978.9866443545473
3.984270196893167	986.9369311216218
3.986026379989686	994.9127098050344
3.98777549009335	1002.9138759255883
3.98951758394838	1010.9403248784201
3.9912527176188624	1018.9919519281807
3.9929809464995785	1027.0686522043602
3.994702325326615	1035.170320696749
3.9964169081877663	1043.2968522510364
3.998124748532732	1051.4481415645341
3.999825899183115	1059.6240831820276
4.001520412342224	1067.8245714917498
4.003208339604686	1076.0495007214759
4.0048897319658705	1084.2987649347324
4.006564639831139	1092.572258027113
4.008233113024907	1100.8698737227153
4.009895200799539	1109.1915055706743
4.011550951844073	1117.537046941801
4.0132004142927755	1125.9063910253262
4.014843635733545	1134.299430825732
4.016480663216141	1142.7160591596908
4.018111543260274	1151.156168653086
4.019736321863536	1159.6196517381263
4.02135504450918	1168.1064006505524
4.022967756173769	1176.6163074269184
4.0245745013346665	1185.149263901964
4.026175323977399	1193.7051617060654
4.027770267602884	1202.2838922627636
4.029359375234519	1210.8853467863655
4.030942689425147	1219.5094162796306
4.032520252263893	1228.1559915315154
4.034092105382879	1236.824963115
4.035658289963813	1245.5162213849756
4.037218846744467	1254.2296564762032
4.038773816025032	1262.9651583013379
4.040323237674365	1271.7226165490097
4.0418671511361195	1280.5019206819782
4.0434055954347725	1289.3029599353345
4.044938609181544	1298.125623314771
4.046466230580208	1306.9697995949064
4.047988497432811	1315.835377317663
4.049505447145277	1324.7222447907043
4.0510171167329325	1333.6302900859187
4.052523542825916	1342.55940103796
4.054024761674508	1351.5094652428402
4.055520809154371	1360.4803700565672
4.057011720771682	1369.4720025938298
4.0584975316681975	1378.4842497267339
4.0599782766262225	1387.5169980835833
4.061453990073494	1396.5701340477042
4.0629247060879825	1405.6435437563136
4.064390458402619	1414.7371130994313
4.065851280409935	1423.8507277188312
4.067307205166621	1432.9842730070393
4.068758265398028	1442.1376341063644
4.070204493502568	1451.3106959079691
4.071645921556064	1460.5033430509848
4.073082581316011	1469.715459921657
4.074514504225781	1478.94693065253
4.075941721418747	1488.197639121666
4.077364263722349	1497.467468951901
4.078782161662085	1506.7563035101339
4.080195445465444	1516.064025906644
4.081604145065772	1525.3905189944521
4.0830082901060765	1534.7356653687
4.084407909942769	1544.0993473660728
4.085803033649345	1553.4814470642452
4.087193690020014	1562.881846281357
4.0885799075732585	1572.3004265755253
4.089961714555348	1581.7370692443753
4.091339138943789	1591.191655324608
4.0927122084507275	1600.6640655915885
4.094080950526289	1610.1541805589645
4.095445392361878	1619.6618804783175
4.096805560893414	1629.1870453388212
4.0981614828045245	1638.7295548669506
4.099513184529686	1648.2892885261933
4.100860692257314	1657.866125516802
4.102204031932809	1667.4599447755593
4.103543229261556	1677.0706249755724
4.104878309711872	1686.6980445260888
4.106209298517915	1696.342081572337
4.107536220682545	1706.002613995385
4.108859100980141	1715.6795194120234
4.110177963959378	1725.3726751746708
4.1114928339459595	1735.0819583712998
4.11280373504531	1744.8072458253828
4.114110691145228	1754.548414095856
4.1154137259184935	1764.3053394771084
4.1167128628254455	1774.0778979989893
4.118008125116514	1783.8659654268276
4.119299535834718	1793.6694172614887
4.120587117818124	1803.4881287394203
4.121870893702269	1813.321974832752
4.123150885922551	1823.1708302493787
4.1244271167165785	1833.0345694330938
4.125699608126488	1842.9130665637097
4.126968382001233	1852.8061955572225
4.12823345999883	1862.7138300659738
4.1294948635885795	1872.6358434788356
4.13075261405325	1882.5721089214242
4.132006732491236	1892.5224992563064
4.133257239818677	1902.48688708324
4.134504156771556	1912.4651447394244
4.1357475039077585	1922.4571442997662
4.136987301609105	1932.4627575771624
4.138223570083362	1942.4818561227967
4.139456329366212	1952.5143112264502
4.140685599323205	1962.5599939168262
4.141911399651678	1972.6187749618991
4.143133749882651	1982.69052486926
4.144352669382691	1992.7751138864926
4.145568177355754	2002.8724120015574
4.146780292845003	2012.9822889431832
4.147989034734594	2023.1046141812853
4.149194421751446	2033.239256927387
4.150396472466976	2043.3860861350554
4.151595205298824	2053.544970500357
4.152790638512534	2063.715778462322
4.153982790223238	2073.8983782034156
4.155171678397293	2084.0926376500342
4.15635732085391	2094.298424473005
4.157539735266755	2104.5156060881036
4.158718939165531	2114.744049656576
4.159894949937534	2124.983622085684
4.161067784829197	2135.2341900292554
4.162237460947604	2145.4956198882446
4.163403995261985	2155.767777811311
4.164567404605198	2166.050529695407
4.165727705675184	2176.3437411863783
4.1668849150364045	2186.647277679564
4.16803904912126	2196.961004320433
4.169190124231494	2207.2847860052093
4.170338156539569	2217.6184873815178
4.171483162090034	2227.9619728490375
4.1726251568008665	2238.315106560173
4.173764156464805	2248.6777524207287
4.174900176750654	2259.0497740906007
4.176033233204582	2269.4310349844695
4.177163341251395	2279.8213982725174
4.178290516195798	2290.2207268811426
4.179414773223636	2300.6288834937
4.180536127403127	2311.0457305512273
4.181654593686067	2321.471130253215
4.182770186909034	2331.904944558352
4.183882921794559	2342.347035185309
4.1849928129523	2352.7972636135232
4.186099874880192	2363.2554910839767
4.1872041219655785	2373.7215786000156
4.188305568486337	2384.195386928155
4.189404228611988	2394.6767765989016
4.190500116404785	2405.1656079075874
4.191593245820796	2415.6617409152173
4.19268363071097	2426.165035449313
4.193771284822194	2436.675351104777
4.194856221798323	2447.1925472447715
4.195938455181219	2457.716483001592
4.197017998411755	2468.247017277561
4.1980948648308205	2478.7840087459285
4.199169067680316	2489.327315851782
4.200240620104119	2499.8767968129655
4.20130953514906	2510.432309621006
4.202375825765867	2520.993712042057
4.203439504810112	2531.56086161784
4.204500585043141	2542.133615666609
4.205559079132989	2552.7118312841058
4.206614999655291	2563.295365344544
4.207668359094177	2573.8840745015873
4.208719169843156	2584.4778151893497
4.209767444205995	2595.0764436233917
4.2108131943975815	2605.679815801732
4.211856432544774	2616.2877875058753
4.212897170687253	2626.900214301831
4.213935420778347	2637.5169515411676
4.214971194685861	2648.137854362038
4.21600450419289	2658.7627776902605
4.217035360998622	2669.391576240363
4.218063776719133	2680.024104516673
4.219089762888174	2690.6602168143927
4.220113330957944	2701.2997672206907
4.221134492299861	2711.9426096158086
4.222153258205315	2722.588597674162
4.2231696398864225	2733.2375848654715
4.224183648476764	2743.8894244558746
4.2251952950321146	2754.543969509076
4.22620459053117	2765.2010728874766
4.227211545876259	2775.860587253347
4.228216171894055	2786.522365069968
4.229218479336266	2797.18625860282
4.2302184788803325	2807.8521199207466
4.2312161811301054	2818.5198008971533
4.2322115966165255	2829.189153211202
4.233204735798283	2839.860028349011
4.234195609062486	2850.5322776048765
4.235184226725305	2861.2057520824887
4.2361705990326195	2871.8803026961655
4.237154736160657	2882.555780172095
4.238136648216622	2893.232035049574
4.2391163452393155	2903.908917682277
4.2400938371997565	2914.5862782395093
4.241069134001788	2925.263966707496
4.242042245482676	2935.9418328906504
4.243013181413712	2946.6197264128623
4.243981951500794	2957.297496718816
4.244948565385017	2967.9749930752814
4.245913032643239	2978.652064572436
4.246875362788658	2989.3285601251855
4.247835565271372	3000.0043284745084
4.248793649478937	3010.679218188785
4.249749624736915	3021.3530776651505
4.250703500309421	3032.0257551308605
4.251655285399663	3042.69709864465
4.252604989150472	3053.366956098115
4.253552620644827	3064.03517521709
4.254498188906383	3074.7016035630495
4.255441702899982	3085.366088534499
4.256383171532162	3096.0284773683907
4.257322603651665	3106.688617141543
4.258260008049932	3117.3463547720594
4.259195393461601	3128.001537020768
4.260128768564992	3138.654010492667
4.2610601419825915	3149.3036216383716
4.26198952228153	3159.950216755575
4.262916917974054	3170.593641990518
4.263842337517997	3181.2337433394678
4.26476578931724	3191.8703666502006
4.265687281722165	3202.503357623495
4.26660682303012	3213.132561814635
4.267524421485853	3223.7578246349217
4.268440085281966	3234.3789913531955
4.269353822559351	3244.9959070973523
4.2702656414076205	3255.6084168558946
4.271175549865542	3266.216365479464
4.272083555921462	3276.8195976824013
4.272989667513726	3287.4179580443024
4.273893892531094	3298.0112910115945
4.274796238813154	3308.599440899108
4.275696714150733	3319.182251891665
4.2765953262862935	3329.7595680456825
4.277492082914336	3340.3312332907585
4.2783869916818	3350.897091431302
4.279280060188445	3361.456986148145
4.2801712959872455	3372.0107610001714
4.281060706584771	3382.558259425952
4.2819482994415665	3393.0993247454066
4.282834081972529	3403.633800161428
4.283718061547273	3414.1615287615796
4.284600245490511	3424.6823535197377
4.285480641082401	3435.1961172977904
4.2863592555589225	3445.702662847319
4.287236096112223	3456.201832811293
4.288111169890977	3466.693469725776
4.288984484000732	3477.177416021642
4.289856045504258	3487.653514026303
4.290725861421886	3498.1216059654225
4.291593938731852	3508.5815339646742
4.29246028437063	3519.0331400514797
4.293324905233265	3529.476266156761
4.294187808173702	3539.910754116722
4.295049000005115	3550.336445674597
4.295908487500223	3560.7531824824587
4.296766277391618	3571.1608061029897
4.297622376372075	3581.5591580112905
4.298476791094869	3591.948079596684
4.2993295281740815	3602.3274121645295
4.300180594184912	3612.696996938055
4.301029995663981	3623.0566750601797
