500.0	4.113080616336291	6.8677306924638515	0.1782782967426649	0.03871721173536332
539.0781563126252	3.825111159175637	6.5375794577387545	0.23580976543981533	0.04269469712538736
578.1563126252505	3.5079923491395184	6.316017620824032	0.3386703750317794	0.046880322767866356
617.2344689378758	3.0862918964912	6.157254894923004	0.7200530511202836	0.05128684747000079
656.312625250501	3.6314225761091	6.0379167640034375	1.0634673494053557	0.055926565196693985
695.3907815631262	3.3829273050656643	5.944843592959405	0.8397733915983772	0.060811281519479815
734.4689378757515	3.0853202016549646	5.870073613528608	0.9647741703216696	0.06595229149608978
773.5470941883768	2.820238657193037	5.808516554979174	1.2112763944987364	0.07136035903645185
812.625250501002	2.5843337459903037	5.75677292032561	1.561397531789796	0.07704569780399023
851.7034068136272	2.3989542512898834	5.712490851640648	2.026805521994368	0.08301795369213273
890.7815631262525	2.310684534302386	5.673995313404772	2.6173969982952934	0.0892861889030954
929.8597194388778	2.3905296734270722	5.6400640351803455	3.3190807009650047	0.0958588676365734
968.937875751503	2.7174537723833794	5.609786707164175	4.067178973758562	0.10274384336653491
1008.0160320641282	3.3328515740720226	5.582473486616009	4.733472274867678	0.10994834764140518
1047.0941883767537	4.183789607774779	5.557593808656617	5.163410106290798	0.11747898028381477
1086.1723446893789	5.118717214718247	5.5347344244620835	5.263371052916894	0.12534170078974505
1125.250501002004	5.96665155434041	5.513569983567971	5.058206653404851	0.133541820634719
1164.3286573146293	6.624887182288711	5.493842003643767	4.65693638938943	0.1420839960907777
1203.4068136272545	7.076721961155077	5.475343572246217	4.176689552055051	0.15097222104903127
1242.4849699398799	7.35609036590254	5.457908043048593	3.6981450804182	0.1602098192371193
1281.563126252505	7.51021037524831	5.441400565039441	3.2619757181443143	0.169799435128429
1320.6412825651303	7.580493578271344	5.425711653024102	2.8820187149880248	0.1797430227696834
1359.7194388777557	7.597500264753976	5.410752250215132	2.558189686976623	0.19004183171370298
1398.797595190381	7.581986418506105	5.396449895656521	2.2846275738563637	0.20069638924108463
1437.875751503006	7.547454194950387	5.382745719280631	2.0538758602243923	0.21170647809246027
1476.9539078156313	7.502479792809618	5.369592063356763	1.858725737205619	0.22307110901399546
1516.0320641282565	7.452427236121435	5.356950582275185	1.69288198188749	0.23478848754332665
1555.110220440882	7.400605692234273	5.3447907103443795	1.551097232073449	0.24685597463056674
1594.188376753507	7.349021083830208	5.333088414382303	1.4290937062246825	0.2592700408983405
1633.2665330661323	7.2988559226855045	5.321825167575749	1.3234180320452886	0.27202621459535314
1672.3446893787577	7.250773782885215	5.310987095550458	1.2312905039739837	0.28511902358984925
1711.422845691383	7.205112411324795	5.300564256341143	1.150471360611613	0.2985419320835947
1750.5010020040081	7.16200646311843	5.290550024023635	1.0791498642590747	0.312287273105669
1789.5791583166333	7.121465723349356	5.280940551913564	1.0158552567913175	0.326346178270548
1828.6573146292585	7.083425063490553	5.271734295981766	0.9593864304195583	0.3407085067580577
1867.735470941884	7.047776356675698	5.262931582878093	0.9087567882381509	0.3553627759926991
1906.8136272545091	7.01438881525397	5.2545342099857875	0.8631511102351358	0.37029609706121264
1945.8917835671343	6.983121862037707	5.246545067472448	0.8218917813442403	0.3854941184979578
1984.9699398797597	6.953833168370137	5.238967774535117	0.7844122757568988	0.40094098266650147
2024.048096192385	6.926383556847292	5.2318063240927355	0.7502362556146789	0.4166192995399439
2063.12625250501	6.900639870379907	5.225064732164093	0.7189610179010048	0.4325101431856333
2102.2044088176353	6.876476526394416	5.2187466901594215	0.690244317893992	0.4485930766312126
2141.2825651302605	6.8537762272170335	5.212855220354716	0.6637938244952165	0.4648462109535868
2180.3607214428857	6.832430136241596	5.207392336922151	0.639358636067741	0.4812463043044143
2219.4388777555114	6.812337723610016	5.202358717032938	0.6167224172573288	0.4977689060737137
2258.517034068136	6.793406415319688	5.197753388663921	0.5956978174805215	0.5143885504093632
2297.595190380762	6.775551133425882	5.1935734437167955	0.5761219080246583	0.5310790017833301
2336.673346693387	6.758693784269871	5.1898137867479415	0.55785243288994	0.5478135531860703
2375.751503006012	6.742762731195417	5.186466930823392	0.5407647130496454	0.5645653748488157
2414.8296593186374	6.727692274583524	5.1835228525552175	0.5247490780456349	0.5813079082154613
2453.9078156312626	6.713422152973491	5.180968918045695	0.5097087252715652	0.5980152963659812
2492.985971943888	6.6998970730434895	5.178789890103149	0.4955579277992052	0.6146628384689599
2532.064128256513	6.687066272291736	5.176968024606708	0.4822205275802699	0.6312274524242892
2571.1422845691386	6.674883115716147	5.175483260299102	0.46962866336577763	0.6476881270134678
2610.220440881764	6.6633047261814315	5.174313501717881	0.4577216925262817	0.6640263429844311
2649.298597194389	6.652291647180687	5.173434989717552	0.4464452737351174	0.6802264419056494
2688.376753507014	6.6418075361351345	5.172822748498844	0.43575058365396147	0.6962759225840862
2727.4549098196394	6.631818886088969	5.172451092752896	0.4255936456876586	0.712165647463241
2766.5330661322646	6.622294773550276	5.1722941739924035	0.4159347528237658	0.727889945627977
2805.61122244489	6.613206630238084	5.172326541890066	0.40673796974994403	0.7434466045733197
2844.6893787575154	6.604528036575927	5.17252369487857	0.39797070201051993	0.758836749297497
2883.7675350701406	6.5962345348939	5.172862594613455	0.38960332204773934	0.7740646139784031
2922.845691382766	6.588303460444371	5.173322121172105	0.38160884367139947	0.7891372178552101
2961.923847695391	6.580713788488341	5.173883449848235	0.37396263788961903	0.8040639623615149
3001.0020040080162	6.573445995861337	5.174530335696612	0.3666421841739884	0.818856170555089
3040.0801603206414	6.56648193557472	5.175249298047852	0.3596268521721905	0.8335265921504811
3079.1583166332666	6.559804723147216	5.176029703452218	0.352897709658446	0.8480888978829231
3118.236472945892	6.553398633490525	5.176863751353937	0.3464373531571139	0.862557185622106
3157.314629258517	6.547249007291722	5.1777463717706205	0.34022975821183843	0.8769455178948724
3196.3927855711427	6.541342165943423	5.178675048027531	0.334260146721232	0.8912675066690926
3235.470941883768	6.535665334170749	5.179649580012665	0.32851486913796724	0.9055359568537209
3274.549098196393	6.530206569592686	5.18067180447497	0.3229812996441209	0.9197625754298504
3313.6272545090183	6.524954698534935	5.1817452887173845	0.31764774268192575	0.9339577488321068
3352.7054108216435	6.519899257482638	5.182875012864692	0.31250334944424907	0.9481303874429083
3391.7835671342687	6.515030439625199	5.1840670539888345	0.3075380431199932	0.9622878330306741
3430.861723446894	6.51033904600243	5.185328283035168	0.3027424518518638	0.9764358227391758
3469.9398797595195	6.505816440812133	5.186666082972679	0.2981078485022246	0.990578501811896
3509.0180360721447	6.501454510484625	5.188088094105559	0.29362609644091014	1.0047184765386072
3548.09619238477	6.4972456261703275	5.189601990194177	0.28928960067006965	1.0188568988248963
3587.174348697395	6.493182609322539	5.191215287045524	0.285091263687993	1.0329935741722958
3626.2525050100203	6.489258700089865	5.192935183601722	0.281024445568657	1.0471270855784849
3665.3306613226455	6.485467528261465	5.194768434293091	0.27708292779821636	1.061254926796336
3704.4088176352707	6.481803086534017	5.196721250512529	0.27326088046542496	1.0753736394192326
3743.486973947896	6.478259705892166	5.1987992284726205	0.2695528324512656	1.089478949302809
3782.565130260521	6.474832032914798	5.201007300377505	0.26595364430500357	1.103565898827621
3821.6432865731467	6.471515008837718	5.2033497057253	0.2624584835303378	1.117628972412044
3860.721442885772	6.468303850219779	5.20582997960339	0.2590628020371273	1.1316622134761707
3899.799599198397	6.465194031074156	5.208450955000658	0.25576231554191753	1.1456593317260997
3938.8777555110223	6.462181266339645	5.211214776399629	0.25255298472478477	1.1596138001742713
3977.9559118236475	6.459261496578628	5.214122922193935	0.24943099797129822	1.1735189417430618
4017.0340681362727	6.456430873799012	5.217176233777991	0.24639275554709583	1.1873680056273668
4056.112224448898	6.4536857483068655	5.220374949457494	0.24343485506900367	1.2011542338313872
4095.1903807615236	6.45102265650517	5.223718741618132	0.24055407815111823	1.2148709184595687
4134.268537074149	6.4484383095616895	5.227206755857479	0.23774737811705043	1.2285114504455996
4173.346693386774	6.445929582875932	5.230837651026361	0.23501186868082619	1.2420693604592121
4212.424849699399	6.443493506281534	5.234609639339049	0.23234481350895345	1.2555383527494783
4251.503006012024	6.441127254925857	5.23852052589614	0.2297436165850162	1.2689123326748164
4290.58116232465	6.438828140773874	5.242567747121223	0.2272058133060497	1.2821854286419754
4329.659318637275	6.4365936046879035	5.246748407744204	0.2247290622469437	1.2953520091351565
4368.7374749498995	6.434421209038984	5.25105931607313	0.22231113753536258	1.3084066954672393
4407.815631262525	6.432308630809472	5.255497017385082	0.219949921785237	1.321344370831588
4446.893787575151	6.4302536551497695	5.260057825337776	0.21764339954183695	1.3341601861780825
4485.971943887776	6.428254169355372	5.264737851359758	0.21538965119589845	1.3468495633828343
4525.050100200401	6.426308157233034	5.269533032020504	0.2131868473282302	1.3594081961290583
4564.128256513026	6.424413693827612	5.274439154414749	0.21103324344981186	1.3718320488675917
4603.206412825652	6.422568940483327	5.279451879619703	0.20892717510558426	1.3841173541802831
4642.284569138277	6.420772140215411	5.284566764301163	0.20686705331301417	1.3962606088280778
4681.362725450902	6.4190216133699565	5.2897792805561235	0.20485136030910053	1.4082585687282307
4720.440881763528	6.417315753551625	5.295084834086873	0.2028786455818249	1.4201082430715923
4759.519038076152	6.415653023800395	5.300478780805134	0.20094752216414785	1.4318068877611234
4798.597194388778	6.414031953000115	5.305956441966046	0.1990566631705561	1.443351998326559
4837.675350701403	6.4124511325028	5.311513117930692	0.19720479855787465	1.4547413024470228
4876.753507014028	6.410909212954063	5.3171441006535884	0.1953907120936201	1.4659727521933084
4915.831663326654	6.409404901305929	5.322844684987938	0.19361323851656811	1.4770445160839714
4954.909819639279	6.407936958004585	5.328610178897369	0.19187126087549214	1.487954971034273
4993.987975951904	6.406504194341321	5.334435912658138	0.19016370803318125	1.4987026942638986
5033.066132264529	6.405105469955958	5.340317247130929	0.1884895523239015	1.509286455218147
5072.144288577155	6.403739690482753	5.346249581176375	0.18684780735341913	1.5197052075476596
5111.22244488978	6.402405805329531	5.352228358283456	0.18523752593157528	1.5299580811835154
5150.300601202405	6.401102805581499	5.358249072475095	0.1836577981281957	1.540044374537528
5189.378757515031	6.399829722021747	5.364307273550574	0.1821077494438423	1.5499635468516058
5228.456913827656	6.398585623261046	5.370398571719939	0.1805865390875718	1.5597152107150145
5267.535070140281	6.397369613970112	5.3765186416813115	0.17909335835447482	1.5692991247641128
5306.613226452906	6.396180833207922	5.3826632261881	0.17762742909631593	1.5787151865755478
5345.691382765532	6.395018452840128	5.388828139149316	0.1761880022791015	1.5879634257608903
5384.769539078156	6.393881676042076	5.395009268302781	0.17477435662186533	1.5970439972681814
5423.847695390782	6.392769735881274	5.4012025774978305	0.17338579731138756	1.6059571748937413
5462.925851703407	6.391681893974478	5.407404108621069	0.1720216547879459	1.614703345005881
5502.0040080160325	6.390617439214966	5.4136099831960705	0.17068128359756293	1.6232830004806895
5541.082164328658	6.389575686565798	5.41981640368537	0.1693640613065342	1.6316967348489206
5580.160320641283	6.388555975915167	5.426019654520761	0.16806938747432895	1.639945236652001
5619.2384769539085	6.3875576709902315	5.432216102885827	0.16679668268123085	1.6480292840044384
5658.316633266533	6.386580158325983	5.438402199272626	0.1655453876073402	1.6559497393592524
5697.394789579159	6.385622846286018	5.444574477832739	0.16431496215979968	1.6637075444725749
5736.472945891784	6.384685164132212	5.450729556541169	0.1631048846453181	1.6713037155631616
5775.551102204409	6.383766561140506	5.456864137190153	0.16191465098526844	1.6787393386622764
5814.629258517034	6.382866505760256	5.462975005228539	0.16074377397082684	1.6860155651491755
5853.70741482966	6.381984484814609	5.469059029461101	0.15959178255577983	1.6931336074672778
5892.785571142285	6.381120002739733	5.475113161621114	0.15845822118479921	1.7000947350159834
5931.86372745491	6.380272580860668	5.48113443582817	0.15734264915511764	1.7069002702130625
5970.941883767536	6.379441756701809	5.487119967942988	0.15624464000968155	1.7135515847225051
6010.0200400801605	6.37862708333018	5.493066954828709	0.1551637809599835	1.720050095842717
6049.098196392786	6.377828128729649	5.498972673529037	0.15409967233688734	1.7263972630500013
6088.176352705411	6.377044475204484	5.504834480371512	0.15305192706787393	1.7325945846922925
6127.2545090180365	6.376275718810659	5.510649810004145	0.1520201701792327	1.7386435948281882
6166.332665330662	6.375521468813421	5.516416174372879	0.15100403832181683	1.7445458602063937
6205.410821643287	6.37478134716978	5.522131161646722	0.15000317931906854	1.750302977380798
6244.488977955913	6.374054988034573	5.527792435096897	0.14901725173610098	1.7559165699564745
6283.567134268537	6.373342037288918	5.533397731935884	0.1480459244686975	1.7613882859620227
6322.645290581163	6.3726421520898535	5.538944862121675	0.1470888763511594	1.7667197953437603
6361.723446893788	6.371955000440133	5.544431707132293	0.14614579578199915	1.7719127875773917
6400.801603206413	6.371280260777115	5.549856218715081	0.14521638036653597	1.7769689693928907
6439.879759519039	6.370617621579771	5.555216417615016	0.14430033657550573	1.7818900626084402
6478.957915831664	6.369966780992945	5.5605103922859405	0.14339737941885433	1.7866778020694034
6518.036072144289	6.369327446467952	5.565736297588262	0.14250723213392705	1.791333933688396
6557.114228456914	6.36869933441875	5.570892353476429	0.14162962588731812	1.7958602125826457
6596.19238476954	6.368082169892874	5.575976843679218	0.14076429948968316	1.800258401304954
6635.2705410821645	6.367475686256451	5.580988114375594	0.13991099912286106	1.8045302681646607
6674.34869739479	6.3668796248925785	5.585924572868718	0.13906947807868578	1.8086775856351416
6713.426853707415	6.366293734912433	5.590784686260419	0.13823949650890807	1.8127021288444647
6752.505010020041	6.365717772878493	5.595566980128307	0.13742082118567475	1.8166056741459458
6791.583166332666	6.36515150253931	5.600270037207463	0.1366132252720511	1.8203899977654336
6830.661322645291	6.364594694575249	5.604892496078498	0.13581648810209243	1.824056874522276
6869.739478957917	6.364047126354715	5.609433049863637	0.13503039497000524	1.8276080766210039
6908.817635270541	6.3635085817003505	5.613890444932292	0.13425473692796072	1.8310453725108597
6947.895791583167	6.362978850664749	5.618263479617476	0.13348931059214614	1.834370525810423
6986.973947895792	6.362457729315232	5.622551002944295	0.1327339179566649	1.8375852942946362
7026.052104208417	6.361945019527295	5.626751913371588	0.13198836621491494	1.840691428941661
7065.130260521042	6.3614405287862885	5.630865157547759	0.13125246758809583	1.8436906730370584
7104.208416833668	6.360944069997012	5.634889729081625	0.13052603916051395	1.8465847613328856
7143.286573146293	6.360455461300782	5.638824667329132	0.12980890272137013	1.8493754192593805
7182.364729458918	6.359974525899743	5.642669056196606	0.12910088461273603	1.8520643621869843
7221.442885771544	6.359501091887995	5.646422022961186	0.1284018155834339	1.854653294736538
7260.521042084169	6.359034992089298	5.650082737108951	0.12771153064855467	1.8571439101355551
7299.599198396794	6.3585760639010465	5.653650409191257	0.12702986895436086	1.8595378896185604
7338.677354709419	6.358124149144226	5.657124289699649	0.12635667364833358	1.8618369018695429
7377.755511022045	6.357679093919105	5.660503667959726	0.12569179175413492	1.8640426025046588
7416.83366733467	6.357240748466395	5.663787871044226	0.12503507405127037	1.8661566335933626
7455.911823647295	6.3568089670336745	5.666976262705559	0.12438637495924464	1.8681806232162437
7494.989979959921	6.3563836077468086	5.670068242328011	0.12374555242601498	1.8701161850578822
7534.068136272545	6.355964532486185	5.673063243899716	0.12311246782055757	1.8719649180331106
7573.146292585171	6.355551606767522	5.675960735004505	0.12248698582936819	1.8737284059451362
7612.224448897796	6.355144699627127	5.678760215833717	0.1218689743567321	1.875408217174023
7651.3026052104215	6.3547436835113205	5.681461218217951	0.12125830442859983	1.8770059043940956
7690.380761523047	6.354348434169934	5.684063304678785	0.12065485009991953	1.878523004318889
7729.458917835672	6.353958830553662	5.6865660675004	0.12005848836527969	1.879961037472304
7768.5370741482975	6.353574754715143	5.688969127821052	0.11946909907272457	1.8813215079847063
7807.615230460922	6.3531960917135795	5.691272134744282	0.1188865648406111	1.882605903412725
7846.693386773548	6.352822729522783	5.693474764469765	0.11831077097738212	1.8838156945815774
7885.771543086173	6.352454558942501	5.695576719443647	0.11774160540413685	1.8849523354487934
7924.849699398798	6.352091473512847	5.69757772752821	0.11717895857988336	1.8860172629882406
7963.927855711423	6.351733369431801	5.699477541190685	0.11662272342936794	1.8870118970934144
8003.006012024049	6.351380145475547	5.701275936711035	0.11607279527337368	1.8879376404989832
8042.084168336674	6.351031702921631	5.7029727134084895	0.11552907176139318	1.8887958787196388
8081.162324649299	6.350687945474754	5.704567692886603	0.11499145280657883	1.8895879800053113
8120.240480961925	6.350348779195151	5.706060718296612	0.11445984052288187	1.8903152953118898
8159.3186372745495	6.3500141124294105	5.7074516536188655	0.11393413916429393	1.8909791582865774
8198.396793587175	6.349683855743663	5.708740382962031	0.11341425506610867	1.8915808852670808
8237.474949899799	6.349357921859064	5.70992680987987	0.1129000965881266	1.8921217752938566
8276.553106212425	6.349036225589412	5.711010856705275	0.1123915740597254	1.8926031101346605
8315.63126252505	6.34871868378092	5.7119924639013115	0.11188859972672725	1.893026154320705
8354.709418837676	6.34840521525397	5.712871589428993	0.11139108769999234	1.8933921551937123
8393.787575150302	6.34809574074682	5.7136482081314774	0.11089895390567392	1.8937023429632474
8432.865731462927	6.347790182861186	5.714322311134443	0.11041211603707259	1.893957930773667
8471.943887775553	6.347488466009604	5.714893905262303	0.1099304935080288	1.8941601147801213
8511.022044088177	6.34719051636454	5.715363012470022	0.1094540074077974	1.8943100742330148
8550.100200400802	6.3468962618091584	5.715729669290179	0.10898258045734793	1.894408971570391
8589.178356713426	6.346605631889681	5.715993926295051	0.10851613696703932	1.8944579525177134
8628.256513026052	6.346318557769311	5.716155847573355	0.10805460279561757	1.8944581461945558
8667.334669338677	6.34603497218362	5.716215510221412	0.10759790531048871	1.8944106652277104
8706.412825651303	6.345754809397389	5.716173003848398	0.10714597334922014	1.8943166058702787
8745.490981963929	6.345478005162812	5.7160284300954105	0.10669873718222717	1.8941770481262927
8784.569138276554	6.345204496679032	5.715781902168049	0.10625612847660008	1.8939930558804794
8823.647294589178	6.344934222552962	5.715433544382227	0.10581808026103362	1.8937656770327453
8862.725450901804	6.344667122761338	5.714983491722916	0.10538452689181697	1.8934959436370338
8901.80360721443	6.344403138613962	5.714431889415546	0.10495540401984983	1.8931848720441804
8940.881763527055	6.344142212718092	5.713778892509774	0.10453064855864462	1.8928334630484391
8979.95991983968	6.343884288943934	5.71302466547534	0.10411019865328425	1.89244270203734
9019.038076152305	6.343629312391216	5.71216938180974	0.1036939936502994	1.8920135591445968
9058.11623246493	6.343377229356776	5.711213223657423	0.10328197406843463	1.891546989405742
9097.194388777556	6.3431279873031485	5.710156381440264	0.1028740815702728	1.8910439329162345
9136.272545090182	6.342881534828115	5.708999053499024	0.10247025893468736	1.8905053149917708
9175.350701402805	6.3426378216351775	5.707741445745559	0.10207045003009613	1.8899320463305356
9214.428857715431	6.342396798504916	5.706383771325484	0.10167459978848664	1.889325023177179
9253.507014028057	6.342158417267222	5.704926250291066	0.10128265418019004	1.888685127488273
9292.585170340682	6.341922630774357	5.703369109284074	0.100894560189376	1.8880132270990437
9331.663326653308	6.341689392874823	5.701712581228359	0.10051026579024588	1.887310175891179
9370.741482965932	6.341458658387995	5.699956905031884	0.10012971992390013	1.8865768139615091
9409.819639278558	6.341230383079526	5.6981023252980085	0.09975287247585835	1.8858139677913983
9448.897795591183	6.341004523637451	5.696149092045756	0.09937967425420975	1.8850224504166528
9487.975951903809	6.340781037649017	5.694097460438856	0.09901007696837373	1.8842030615978045
9527.054108216433	6.340559883578183	5.691947690523316	0.09864403320845125	1.8833565879906002
9566.132264529058	6.340341020743753	5.689700046973317	0.09828149642514594	1.882483803316569
9605.210420841684	6.340124409298176	5.687354798845197	0.09792242091023921	1.8815854685335145
9644.28857715431	6.339910010206944	5.684912219339332	0.09756676177759935	1.880662332005822
9683.366733466935	6.33969778522857	5.682372585569674	0.09721447494470804	1.879715129674444
9722.44488977956	6.339487696895159	5.679736178340769	0.0968655171146891	1.8787445852264615
9761.523046092185	6.339279708493514	5.677003281932039	0.09651984575882132	1.877751410264112
9800.60120240481	6.339073784046799	5.674174183889124	0.09617741909952232	1.8767363044731822
9839.679358717436	6.338869888296699	5.6712491748221225	0.09583819609378677	1.8756999557906762
9878.757515030062	6.338667986686099	5.668228548210498	0.09550213641706631	1.87464304057167
9917.835671342686	6.338468045342237	5.665112600214501	0.09516920044757637	1.8735662237552644
9956.913827655311	6.338270031060329	5.6619016294929185	0.09483934925101654	1.8724701590295787
9995.991983967937	6.338073911287666	5.65859593702696	0.09451254456569373	1.8713554889956865
10035.070140280563	6.337879654108119	5.655195825950131	0.09418874878803245	1.8702228453304581
10074.148296593186	6.337687228227102	5.651701601383908	0.09386792495846333	1.869072848948219
10113.226452905812	6.337496602956932	5.648113570279061	0.09355003674767676	1.867906110161194
10152.304609218438	6.337307748202598	5.6444320412624505	0.09323504844323155	1.8667232288386635
10191.382765531063	6.337120634447905	5.640657324489162	0.09292292493650678	1.8655247945647977
10230.460921843689	6.336935232742015	5.636789731499816	0.09261363170998733	1.8643113867951162
10269.539078156313	6.336751514686327	5.63282957508289	0.09230713482487375	1.8630835750115362
10308.617234468938	6.3365694524217275	5.628777169141929	0.09200340090900469	1.86184191887597
10347.695390781564	6.336389018616187	5.624632828567503	0.0917023971450854	1.8605869683824396
10386.77354709419	6.336210186452667	5.620396869113741	0.09140409125921081	1.8593192640076743
10425.851703406814	6.336032929617365	5.6160696072793606	0.09110845150967606	1.8580393368601693
10464.92985971944	6.335857222288274	5.611651360193004	0.09081544667606577	1.8567477088276743
10504.008016032065	6.335683039124034	5.607142445502793	0.09052504604861354	1.855444892723089
10543.08617234469	6.335510355253075	5.60254318126997	0.09023721941782396	1.8541313924287606
10582.164328657316	6.335339146263063	5.597853885866495	0.08995193706435031	1.8528077030391392
10621.24248496994	6.335169388190597	5.593074877876462	0.08966916974911936	1.8514743110018026
10660.320641282566	6.335001057511189	5.5882064760012895	0.08938888870369692	1.8501316942568256
10699.398797595191	6.334834131129511	5.583248998968481	0.08911106562088798	1.8487803223744779
10738.476953907817	6.334668586369869	5.578202765443905	0.08883567264556284	1.8474206566912543
10777.55511022044	6.334504400966948	5.5730680939474855	0.08856268236570493	1.8460531504442224
10816.633266533066	6.334341553056771	5.567845302772163	0.08829206780367253	1.8446782489036821
10855.711422845692	6.334180021167921	5.562534709906073	0.08802380240767001	1.8432963895041388
10894.789579158318	6.3340197842129395	5.557136632957816	0.08775786004342034	1.8419080019735827
10933.867735470943	6.333860821479993	5.551651389084702	0.08749421498603623	1.8405135084610786
10972.945891783567	6.333703112624712	5.546079294923946	0.08723284191208172	1.8391133236626587
11012.024048096193	6.333546637662257	5.54042066652665	0.08697371589182104	1.8377078549455366
11051.102204408819	6.333391376959578	5.53467581929452	0.08671681238164819	1.836297502470622
11090.180360721444	6.33323731122785	5.5288450679192405	0.08646210721669265	1.8348826593133674
11129.258517034068	6.333084421515142	5.522928726324391	0.08620957660359771	1.8334637115829275
11168.336673346694	6.332932689199203	5.516927107609865	0.08595919711346406	1.8320410385396584
11207.41482965932	6.332782095980492	5.510840523998674	0.08571094567495711	1.8306150127109484
11246.492985971945	6.332632623875325	5.50466928678608	0.08546479956757158	1.8291860000053999
11285.57114228457	6.332484255209235	5.498413706290997	0.08522073641505015	1.8277543598253654
11324.649298597195	6.332336972610459	5.492074091809543	0.08497873417895158	1.8263204451778448
11363.72745490982	6.332190759003597	5.485650751570734	0.08473877115236456	1.824884602783767
11402.805611222446	6.3320455976034395	5.479143992694198	0.08450082595376372	1.8234471731856514
11441.883767535071	6.331901471908925	5.472554121149866	0.08426487752100346	1.8220084908536744
11480.961923847697	6.3317583656972305	5.465881441719596	0.08403090510544584	1.8205688842901446
11520.040080160321	6.331616263018058	5.459126257960619	0.08379888826622053	1.8191286761324004
11559.118236472947	6.331475148187989	5.452288872170789	0.08356880686461124	1.8176881832541518
11598.196392785572	6.331335005785024	5.44536958535557	0.08334064105856683	1.8162477168652702
11637.274549098198	6.331195820643236	5.438368697196675	0.08311437129733383	1.814807582610044
11676.352705410822	6.331057577847531	5.431286506022342	0.08288997831620579	1.8133680806639165
11715.430861723447	6.330920262728573	5.424123308779173	0.08266744313138882	1.8119295058287201
11754.509018036073	6.330783860857794	5.416879401005466	0.08244674703497837	1.8104921476264213
11793.587174348699	6.330648358042526	5.409555076806031	0.08222787159004487	1.8090562903913905
11832.665330661324	6.330513740321272	5.402150628828415	0.08201079862582661	1.8076222133612163
11871.743486973948	6.330379993959055	5.394666348240468	0.08179551023302539	1.8061901907660791
11910.821643286574	6.330247105442884	5.38710252470926	0.08158198875920357	1.8047604919166953
11949.8997995992	6.330115061477345	5.379459446381245	0.08137021680427992	1.803333381290857
11988.977955911825	6.329983848980261	5.371737399863672	0.08116017721612079	1.8019091186185763
12028.056112224449	6.32985345507848	5.363936670207168	0.08095185308622592	1.8004879589658556
12067.134268537075	6.329723867103748	5.356057540889483	0.08074522774550483	1.7990701528170954
12106.2124248497	6.329595072588668	5.348100293800327	0.08054028476014238	1.7976559461561648
12145.290581162326	6.329467059262763	5.340065209227283	0.08033700792755186	1.7962455805461408
12184.368737474952	6.329339815048625	5.331952565842746	0.0801353812724118	1.7948392932077435
12223.446893787575	6.329213328058153	5.323762640691859	0.07993538904278671	1.7934373170964744
12262.525050100201	6.329087586588863	5.3154957091814	0.07973701570632717	1.7920398809784874
12301.603206412827	6.328962579120305	5.307152045069617	0.07954024594655007	1.7906472095051928
12340.681362725452	6.328838294310532	5.2987319204569125	0.07934506465919433	1.7892595232866282
12379.759519038078	6.328714720992669	5.290235605777427	0.07915145694865257	1.7878770389636005
12418.837675350702	6.328591848171554	5.28166336979143	0.0789594081244757	1.786499969278619
12457.915831663327	6.32846966502044	5.2730154795785165	0.07876890369794834	1.785128523145647
12496.993987975953	6.328348160877786	5.264292200531565	0.07857992937873501	1.7837629057186677
12536.072144288579	6.3282273252441135	5.255493796351441	0.0783924710715937	1.7824033184591026
12575.150300601203	6.328107147778938	5.2466205290424215	0.07820651487315605	1.781049959202082
12614.228456913828	6.327987618297737	5.237672658908276	0.07802204706877246	1.7797030222215975
12653.306613226454	6.327868726769037	5.228650444549051	0.07783905412942062	1.7783626982945424
12692.38476953908	6.327750463311515	5.219554142858451	0.07765752270867587	1.7770291747636628
12731.462925851705	6.327632818191192	5.210384009021861	0.07747743963974209	1.775702635599436
12770.541082164329	6.327515781818667	5.201140296514925	0.07729879193254148	1.7743832614608799
12809.619238476955	6.327399344746433	5.191823257102726	0.07712156677086224	1.773071229755333
12848.69739478958	6.3272834976662375	5.182433140839477	0.07694575150956255	1.7717667146971976
12887.775551102206	6.327168231406489	5.172970196068751	0.07677133367182937	1.770469887365671
12926.85370741483	6.327053536929743	5.163434669424212	0.07659830094649138	1.7691809157614873
12965.931863727455	6.326939405330217	5.153826805830817	0.07642664118538414	1.7678999648626705
13005.010020040081	6.326825827831383	5.144146848506489	0.07625634240076713	1.7666271966793277
13044.088176352707	6.326712795783593	5.134395038964233	0.07608739276279043	1.7653627703074908
13083.166332665332	6.326600300661747	5.1245716170146665	0.0759197805970106	1.764106841982017
13122.244488977956	6.3264883340630425	5.114676820768965	0.0757534943819552	1.7628595651285774
13161.322645290582	6.326376887704732	5.104710886642211	0.07558852274673274	1.7616210904147334
13200.400801603208	6.326265953421966	5.094674049357083	0.07542485446869056	1.7603915658001223
13239.478957915833	6.326155523165638	5.084566541947944	0.07526247847111525	1.7591711365857663
13278.557114228457	6.326045589000311	5.074388595765227	0.0751013838209786	1.7579599454625214
13317.635270541083	6.325936143102181	5.0641404404802035	0.07494155972672588	1.7567581325586668
13356.713426853708	6.3258271777570485	5.053822304089999	0.07478299553610562	1.7555658354866708
13395.791583166334	6.325718685358382	5.043434412922975	0.07462568073404076	1.7543831893891313
13434.86973947896	6.325610658405385	5.032976991644347	0.07446960494054025	1.7532103269838988
13473.947895791584	6.325503089501115	5.022450263262099	0.07431475790864901	1.7520473786084205
13513.02605210421	6.325395971350645	5.01185444913315	0.07416112952243696	1.7508944722632855
13552.104208416835	6.325289296759252	5.00118976896978	0.07400870979502518	1.7497517336550146
13591.18236472946	6.325183058630646	4.990456440846268	0.07385748886664907	1.7486192862380878
13630.260521042084	6.325077249965245	4.97965468120579	0.07370745700275733	1.7474972512562243
13669.33867735471	6.324971863858466	4.968784704867488	0.07355860459214587	1.746385747782941
13708.416833667336	6.324866893499064	4.95784672503379	0.0734109221451265	1.7452848927613842
13747.494989979961	6.3247623321675	4.946840953297874	0.07326440029172901	1.7441948010434545
13786.573146292587	6.324658173234348	4.935767599651369	0.07311902977993642	1.7431155854282434
13825.65130260521	6.32455441015871	4.924626872492164	0.07297480147395215	1.7420473566997807
13864.729458917836	6.324451036486706	4.913418978632443	0.07283170635249928	1.7409902236641122
13903.807615230462	6.324348045849937	4.90214412330684	0.07268973550715001	1.7399442931857156
13942.885771543088	6.324245431964037	4.890802510180746	0.07254888014068615	1.738909670223273
13981.963927855713	6.3241431886272075	4.879394341358771	0.07240913156548864	1.737886457864796
14021.042084168337	6.324041309718808	4.8679198173932985	0.07227048120195642	1.736874757362137
14060.120240480963	6.32393978919796	4.856379137293208	0.07213292057695345	1.7358746681648705
14099.198396793588	6.32383862110218	4.844772498532679	0.07199644132228375	1.7348862879535798
14138.276553106214	6.323737799546049	4.833100097060116	0.07186103517319357	1.7339097126725398
14177.354709418838	6.323637318719901	4.821362127307173	0.0717266939669004	1.7329450365618275
14216.432865731464	6.323537172888521	4.80955878219787	0.07159340964114758	1.7319923521888405
14255.51102204409	6.323437356389908	4.797690253157787	0.0714611742327855	1.731051750479268
14294.589178356715	6.323337863634016	4.7857567301233725	0.07132997987637674	1.7301233207474929
14333.66733466934	6.323238689101552	4.7737584015512775	0.0711998188028266	1.7292071507264626
14372.745490981964	6.323139827342776	4.7616954544277945	0.07107068333803727	1.7283033265970094
14411.82364729459	6.3230412729763446	4.7495680742783515	0.0709425659015858	1.7274119330166555
14450.901803607216	6.322943020688155	4.737376445177059	0.07081545900542516	1.7265330531478968
14489.979959919841	6.322845065230224	4.725120749756314	0.07068935525260749	1.725666768685978
14529.058116232465	6.322747401419589	4.712801169216446	0.07056424733603041	1.7248131598861713
14568.13627254509	6.322650024137218	4.700417883335417	0.07044012803720431	1.7239723055905618
14607.214428857716	6.322552928326954	4.687971070478539	0.07031699022504123	1.723144283254351
14646.292585170342	6.322456108994467	4.6754609076082545	0.0701948268546645	1.722329168971691
14685.370741482968	6.322359561206237	4.6628875702939165	0.07007363096623936	1.7215270375010514
14724.448897795592	6.322263280088544	4.650251232721621	0.06995339568382287	1.7207379622901258
14763.527054108217	6.32216726082649	4.637552067704029	0.06983411421423401	1.719962015500296
14802.605210420843	6.322071498663027	4.6247902466902415	0.06971577984594308	1.7191992680306534
14841.683366733469	6.321975988898009	4.611965939775656	0.06959838594797985	1.7184497895415833
14880.761523046094	6.321880726887255	4.599079315711852	0.06948192596885998	1.7177136484779316
14919.839679358718	6.321785708041651	4.586130541916484	0.0693663934355305	1.716990912091747
14958.917835671344	6.321690927826232	4.573119784483159	0.06925178195233217	1.716281646464616
14997.99599198397	6.321596381759307	4.560047208191333	0.06913808519997981	1.7155859165295957
15037.074148296595	6.321502065411603	4.546912976516207	0.0690252969345598	1.714903786092751
15076.152304609219	6.321407974405404	4.533717251638585	0.0689134109865444	1.7142353178542975
15115.230460921844	6.321314104413716	4.520460194454774	0.06880242125982201	1.7135805734293708
15154.30861723447	6.321220451159458	4.507141964586417	0.06869232173074492	1.7129396133684183
15193.386773547096	6.321127010414649	4.49376272039037	0.06858310644719136	1.7123124971772157
15232.464929859721	6.321033777999611	4.480322618968501	0.06847476952764424	1.7116992833365345
15271.543086172345	6.320940749782214	4.466821816177532	0.06836730516028498	1.7111000293214427
15310.621242484971	6.3208479216770925	4.4532604666388025	0.06826070760210186	1.7105147916202625
15349.699398797597	6.320755289644905	4.439638723748058	0.06815497117801383	1.7099436257531861
15388.777555110222	6.3206628496916	4.425956739685178	0.06805009028000798	1.7093865862905493
15427.855711422846	6.320570597867689	4.412214665423899	0.06794605936629178	1.7088437268707826
15466.933867735472	6.32047853026754	4.398412650741495	0.06784287296045904	1.708315100218032
15506.012024048097	6.320386643028682	4.384550844228434	0.06774052565066963	1.707800758159462
15545.090180360723	6.32029493233111	4.370629393298001	0.06763901208884202	1.7073007516422458
15584.168336673349	6.320203394396624	4.356648444195889	0.06753832698986	1.7068151307502522
15623.246492985973	6.3201120254881555	4.342608142009734	0.06743846513079135	1.7063439447204238
15662.324649298598	6.320020821909136	4.3285086306786535	0.06733942135012004	1.7058872419588624
15701.402805611224	6.319929780002832	4.3143500530026975	0.06724119054698982	1.705445070056626
15740.48096192385	6.319838896151741	4.300132550652306	0.06714376768046122	1.7050174758052332
15779.559118236473	6.319748166776961	4.285856264177683	0.06704714776877962	1.704604505211893
15818.637274549099	6.319657588337583	4.271521333018159	0.0669513258886555	1.7042062035144565
15857.715430861725	6.319567157330112	4.257127895511494	0.06685629717455652	1.7038226151960978
15896.79358717435	6.3194768702878585	4.242676088903139	0.06676205681801016	1.7034537839997277
15935.871743486976	6.319386723780378	4.228166049355451	0.06666860006691847	1.7030997529421534
15974.9498997996	6.3192967144129	4.213597911956867	0.06657592222488304	1.7027605643279682
16014.028056112225	6.319206838825771	4.1989718107310114	0.06648401865054109	1.702436259763206
16053.106212424851	6.31911709369391	4.184287878645787	0.06639288475691218	1.702126880168734
16092.184368737477	6.3190274757262666	4.16954624762238	0.06630251601075506	1.701832465793413
16131.2625250501	6.318937981665296	4.154747048544241	0.06621290793193492	1.701553056227016
16170.340681362726	6.318848608286437	4.139890411266	0.06612405609280052	1.7012886904129076
16209.418837675352	6.318759352397603	4.124976464622343	0.06603595611757139	1.7010394066605032
16248.496993987977	6.318670210838679	4.110005336436819	0.06594860368173455	1.7008052426574949
16287.575150300603	6.318581180481021	4.094977153530603	0.06586199451145056	1.7005862354818582
16326.653306613227	6.3184922582269785	4.079892041731213	0.0657761243829693	1.7003824216136436
16365.731462925853	6.318403441009413	4.064750125881158	0.06569098912205473	1.7001938369465495
16404.809619238476	6.318314725791223	4.049551529846542	0.06560658460341862	1.7000205167992897
16443.887775551106	6.318226109564888	4.034296376525603	0.06552290675016313	1.699862495926754
16482.965931863728	6.318137589352019	4.018984787857212	0.06543995153323266	1.6997198085309613
16522.044088176353	6.318049162202887	4.003616884829295	0.06535771497087292	1.6995924882718243
16561.12224448898	6.317960825196012	3.9881927874872196	0.06527619312810028	1.6994805682777079
16600.200400801605	6.317872575437715	3.9727126149421097	0.06519538211617777	1.6993840811558059
16639.27855711423	6.3177844100616865	3.957176485379108	0.06511527809209999	1.6993030590023221
16678.356713426852	6.317696326228584	3.9415845160655936	0.06503587725808617	1.6992375334124699
16717.43486973948	6.3176083211256024	3.9259368233593093	0.06495717586108041	1.6991875354902897
16756.513026052104	6.317520391966081	3.91023352271648	0.06487917019226055	1.6991530958582912
16795.591182364733	6.317432535989094	3.8944747286998216	0.06480185658655366	1.699134244666915
16834.669338677355	6.317344750459068	3.878660554986532	0.06472523142215997	1.699131011603829
16873.74749498998	6.317257032665387	3.8627911143762037	0.06464929112008352	1.6991434259030505
16912.825651302606	6.317169379922013	3.846866518798679	0.06457403214367008	1.6991715163539047
16951.903807615232	6.317081789567117	3.830886879321861	0.0644994509981526	1.6992153113098243
16990.981963927858	6.316994258962704	3.8148523061594473	0.06442554423020325	1.6992748386969807
17030.060120240483	6.31690678549425	3.79876290867862	0.06435230842749252	1.6993501260227704
17069.13827655311	6.316819366570356	3.7826187954076715	0.06427974021825508	1.6994412003841357
17108.216432865735	6.316731999622379	3.7664200740435656	0.06420783627086227	1.6995480884757397
17147.294589178357	6.316644682104099	3.750166851459461	0.06413659329340106	1.6996708165979955
17186.372745490982	6.316557411491377	3.733859233712146	0.06406600803325979	1.6998094106649428
17225.450901803608	6.316470185281812	3.717497326049444	0.06399607727671973	1.6999638962119894
17264.529058116234	6.316383000994421	3.701081232917548	0.06392679784855335	1.7001342984035017
17303.60721442886	6.316295856169301	3.6846110579682834	0.06385816661162852	1.70032064204027
17342.685370741485	6.316208748367329	3.668086904066347	0.06379018046651878	1.700522951566825
17381.76352705411	6.316121675169823	3.651508873296454	0.06372283635111958	1.7007412510786324
17420.841683366736	6.31603463417825	3.6348770669704473	0.06365613124027028	1.7009755643291493
17459.91983967936	6.31594762301391	3.6181915856343414	0.06359006214538199	1.7012259147367548
17498.997995991984	6.315860639317644	3.6014525290753094	0.06352462611407135	1.7014923253915564
17538.07615230461	6.315773680749531	3.58465999632862	0.0634598202297993	1.70177481906207
17577.154308617235	6.3156867449885885	3.5678140856844984	0.0633956416115157	1.7020734182017763
17616.23246492986	6.315599829732508	3.550914894694962	0.06333208741330959	1.7023881449555642
17655.310621242486	6.315512932697352	3.53396252018057	0.06326915482406431	1.7027190211660526
17694.388777555112	6.315426051617278	3.51695705823712	0.06320684106711807	1.7030660683797956
17733.466933867738	6.315339184244272	3.499898604242317	0.06314514339992977	1.7034293078533793
17772.545090180363	6.315252328347873	3.4827872528623414	0.06308405911374997	1.703808760559403
17811.62324649299	6.3151654817149	3.4656230980584026	0.06302358553329625	1.7042044471923554
17850.70140280561	6.315078642149206	3.4484062330932077	0.06296372001643462	1.7046163881743805
17889.779559118237	6.3149918074713955	3.431136750537397	0.06290445995386448	1.7050446036609386
17928.857715430862	6.314904975518597	3.4138147422759006	0.06284580276880966	1.705489113546367
17967.935871743488	6.314818144144186	3.396440299514268	0.06278774591671307	1.7059499374693363
18007.014028056114	6.314731311217558	3.379013512784919	0.06273028688493666	1.7064270948182076
18046.09218436874	6.3146444746238695	3.3615344719533526	0.06267342319246574	1.706920604736293
18085.170340681365	6.314557632263812	3.344003266224305	0.06261715238961787	1.70743048612702
18124.24849699399	6.314470782053354	3.326419984147839	0.06256147205775588	1.7079567576589973
18163.326653306616	6.314383921923538	3.3087847136253905	0.06250637980900597	1.7084994377709974
18202.40480961924	6.314297049820219	3.2910975419157755	0.06245187328597924	1.7090585446768376
18241.482965931864	6.3142101637038595	3.273358555641108	0.06239795016149811	1.7096340963701784
18280.56112224449	6.314123261549294	3.255567840792703	0.062344608138326686	1.710226110629232
18319.639278557115	6.314036341345519	3.237725482736907	0.06229184494890529	1.710834605021384
18358.71743486974	6.313949401095467	3.219831566220882	0.06223965835508898	1.711459596907733
18397.795591182366	6.313862438815794	3.2018861753783314	0.062188046147890114	1.712101103447543
18436.873747494992	6.313775452536674	3.1838893937351895	0.06213700614722505	1.7127591416026178
18475.951903807618	6.313688440301582	3.165841304215243	0.06208653620166432	1.7134337281415943
18515.030060120243	6.313601400167106	3.1477419891457266	0.06203663418818724	1.7141248796441562
18554.108216432865	6.313514330202715	3.129591530262826	0.06198729801193945	1.7148326125051692
18593.18637274549	6.3134272284905935	3.111390008717178	0.061938525605995304	1.7155569429387438
18632.264529058117	6.313340093125422	3.0931375050792926	0.061890314931122785	1.7162978869822225
18671.342685370742	6.313252922214189	3.074834099344934	0.06184266397555294	1.7170554605000892
18710.420841683368	6.313165713876005	3.0564798709404593	0.061795570754752394	1.717829679187813
18749.498997995994	6.313078466241912	3.038074898728085	0.061749033311199596	1.7186205585756187
18788.57715430862	6.312991177454684	3.0196192610111425	0.061703049714164314	1.7194281140321845
18827.655310621245	6.312903845668672	3.0011130355392504	0.06165761805949112	1.72025236076828
18866.73346693387	6.312816469049597	2.98255629951346	0.06161273646938548	1.7210933138403262
18905.811623246493	6.3127290457743825	2.963949129591356	0.06156840309220372	1.7219509881539
18944.88977955912	6.312641574030978	2.945291601892081	0.06152461610224628	1.7228253984671675
18983.967935871744	6.312554052018185	2.9265837920013578	0.061481373699553844	1.7237165593942587
19023.04609218437	6.312466477945485	2.9078257749764367	0.06143867410970711	1.7246244854085697
19062.124248496995	6.312378850032877	2.8890176253509976	0.06139651558362953	1.725549190846022
19101.20240480962	6.312291166510696	2.8701594171400107	0.06135489639739296	1.7264906899082426
19140.280561122247	6.312203425619466	2.85125122384457	0.06131381485202691	1.7274489966656965
19179.358717434872	6.312115625609727	2.832293118456654	0.06127326927333039	1.7284241250607564
19218.436873747498	6.312027764741883	2.8132851734638455	0.061233258011686845	1.7294160889107215
19257.515030060124	6.3119398412860255	2.7942274608540423	0.06119377944188218	1.7304249019107698
19296.593186372746	6.311851853521811	2.7751200521200765	0.06115483196292581	1.7314505776368672
19335.67134268537	6.31176379973827	2.755963018264314	0.06111641399787402	1.7324931295486117
19374.749498997997	6.31167567823369	2.736756429803224	0.06107852399365719	1.733552570992034
19413.827655310623	6.311587487315434	2.7175003567718807	0.06104116042090864	1.7346289152023415
19452.905811623248	6.311499225299819	2.698194868728435	0.06100432177379727	1.7357221753066097
19491.983967935874	6.31141089051195	2.6788400347585384	0.0609680065698623	1.7368323643264265
19531.0621242485	6.311322481285594	2.659435923479741	0.06093221334985122	1.7379594951804869
19570.140280561125	6.311233995963027	2.63998260304583	0.060896940677559866	1.7391035806871353
19609.21843687375	6.311145432894893	2.6204801411511394	0.06086218713967562	1.740264633566867
19648.296593186373	6.311056790440071	2.600928605034806	0.060827951345623035	1.7414426664447757
19687.374749499	6.3109680669655415	2.581328061485001	0.06079423192741201	1.7426376918529614
19726.452905811624	6.310879260846233	2.561678576843118	0.06076102753948841	1.7438497222328886
19765.53106212425	6.310790370464919	2.541980217007903	0.06072833685858777	1.745078769937702
19804.609218436875	6.310701394212062	2.522233047439582	0.06069615858359076	1.7463248472344979
19843.6873747495	6.310612330485688	2.502437133163908	0.060664491435381315	1.7475879663065568
19882.765531062127	6.31052317769127	2.482592538776209	0.060633334156707776	1.7488681392555248
19921.843687374752	6.310433934241592	2.4626993284453595	0.060602685512045576	1.7501653781035666
19960.921843687378	6.3103445985566236	2.4427575659177503	0.06057254428746286	1.7514796947954654
20000.0	6.3102551690634	2.4227673145211943	0.06054290929048836	1.7528111012006913
