500.0	0.30261272199787204	0.45143238930505303	0.5838988732746282
539.0781563126252	0.17068742263104802	0.37368515507013256	0.45820541350243194
578.1563126252505	0.0014392505009416755	0.35120264669554974	0.441215416023097
617.2344689378758	1.7262275649167543e-06	0.3329190791742421	0.4220463261414566
656.312625250501	1.2777128444972043e-07	0.3002644527702912	0.37704568829561524
695.3907815631262	5.630052608611708e-08	0.28955181628938187	0.3655020002273482
734.4689378757515	7.110669999060925e-08	0.28490026919441536	0.3716402204316611
773.5470941883768	1.9067722929773043e-07	0.23327772739127012	0.2968816290892149
812.625250501002	9.743791633653228e-07	0.22824392148314893	0.29598080266919746
851.7034068136272	9.948962617892739e-06	0.19081746480461853	0.24450070743506158
890.7815631262525	0.00028900087128120325	0.181813312890511	0.2372221372671552
929.8597194388778	0.04322478232222215	0.1524977497687094	0.19592694922118042
968.937875751503	0.0848320754889672	0.1378359294588247	0.1795278785987826
1008.0160320641282	0.0820745363885277	0.12267217112027255	0.16001559358769601
1047.0941883767537	0.10099958812009953	0.10372440286735406	0.134402569228989
1086.1723446893789	0.09448047306589841	0.0907324384870467	0.11840893709818012
1125.250501002004	0.0789441660889566	0.07962360277427291	0.1044711654911512
1164.3286573146293	0.08001704532201426	0.0677533060523263	0.08867668945889838
1203.4068136272545	0.07107416672136743	0.057191325748569014	0.07480124653216794
1242.4849699398799	0.05854994793228877	0.04868270639831747	0.06390339060232832
1281.563126252505	0.05121821969314106	0.04141888158436939	0.05456206972944693
1320.6412825651303	0.045765942855820106	0.034866260905169505	0.045979230266071265
1359.7194388777557	0.03940017951012718	0.02905888376224306	0.03831464916523036
1398.797595190381	0.032895978963411225	0.02410603342927252	0.031794690776294834
1437.875751503006	0.027431841675057245	0.01996155158691257	0.026358173976743105
1476.9539078156313	0.02306367489715316	0.01649423775939678	0.02180864039958757
1516.0320641282565	0.019412622464391925	0.013581973871490528	0.017974472703579727
1555.110220440882	0.016227405467443196	0.01113803451478228	0.014744504655460348
1594.188376753507	0.01344588838144923	0.009099378085463591	0.012042890340309947
1633.2665330661323	0.011071402953810362	0.0074121757402356315	0.009803896116395035
1672.3446893787577	0.009088001100170998	0.00602586991555886	0.007963110628434104
1711.422845691383	0.007450869896566954	0.004893159468670516	0.006458639554844989
1750.5010020040081	0.006105076017661685	0.003971473841584139	0.005234214186586762
1789.5791583166333	0.004999896048957837	0.003223841422068647	0.004240885146754727
1828.6573146292585	0.004093304643920724	0.0026188980464809963	0.003437159507080674
1867.735470941884	0.0033511878959568394	0.0021303929744541893	0.0027883196872002082
1906.8136272545091	0.0027453830650062045	0.0017365277698736296	0.0022655084018182985
1945.8917835671343	0.0022521960016238314	0.001419303218209195	0.0018448505290550715
1984.9699398797597	0.001851559332051734	0.0011639340823301615	0.0015066865781855612
2024.048096192385	0.0015265516922551897	0.0009583392472223741	0.001234914653485041
2063.12625250501	0.001263040102199355	0.0007926995938798447	0.00101642156806743
2102.2044088176353	0.001049341022383234	0.0006590750847743043	0.0008405879129932432
2141.2825651302605	0.0008758814478590028	0.0005510747298026339	0.0006988581686816011
2180.3607214428857	0.0007348725075202769	0.00046357463196299654	0.0005843704513915028
2219.4388777555114	0.0006200104066762496	0.000392479783551739	0.00049164145154245
2258.517034068136	0.0005262131656785602	0.00033452518811484555	0.0004163018330656168
2297.595190380762	0.0004493953358914183	0.000287111687486794	0.00035487680153790843
2336.673346693387	0.00038627893734441746	0.00024817181962379743	0.00030460619177660655
2375.751503006012	0.00033423696292823277	0.00021606118542895076	0.00026329840640212574
2414.8296593186374	0.00029116515552491843	0.00018947113093705948	0.0002292128178819073
2453.9078156312626	0.0002553777847640749	0.00016735899213224717	0.0002009657316340738
2492.985971943888	0.00022552347525331578	0.0001488926409606601	0.00017745559932670757
2532.064128256513	0.0002005175845051623	0.0001334065642797476	0.0001578037925602625
2571.1422845691386	0.00017948810549669612	0.00012036717042872865	0.00014130784547835537
2610.220440881764	0.00016173253080510992	0.00010934543284450085	0.00012740461989971418
2649.298597194389	0.00014668354008460458	9.999533924302636e-05	0.00011564132383965624
2688.376753507014	0.0001338817498178311	9.203691790697542e-05	0.00010565272023882073
2727.4549098196394	0.00012295409040284297	8.524286330887328e-05	9.71432004570192e-05
2766.5330661322646	0.00011359665174741176	7.942798751958814e-05	8.987267332382638e-05
2805.61122244489	0.00010556106832436369	7.444088822326623e-05	8.364544347369942e-05
2844.6893787575154	9.864370320109662e-05	7.015735521781276e-05	7.830143074863955e-05
2883.7675350701406	9.267704353153225e-05	6.647514101751008e-05	7.37092235104842e-05
2922.845691382766	8.752284296921308e-05	6.330980283196782e-05	6.976056975872751e-05
2961.923847695391	8.306664459149932e-05	6.059138720797634e-05	6.636599697027507e-05
3001.0020040080162	7.921339578770545e-05	5.826177865263545e-05	6.345131953285715e-05
3040.0801603206414	7.588392807503745e-05	5.6272572582535055e-05	6.0954845586532034e-05
3079.1583166332666	7.301212324124571e-05	5.4583363348416325e-05	5.8825136275097584e-05
3118.236472945892	7.054262526300987e-05	5.3160361758397285e-05	5.7019202429871074e-05
3157.314629258517	6.84289872953572e-05	5.197527495424411e-05	5.550104860175329e-05
3196.3927855711427	6.663216641865436e-05	5.1004395850349144e-05	5.4240493720278164e-05
3235.470941883768	6.511929715736921e-05	5.022786053374543e-05	5.321221273406852e-05
3274.549098196393	6.386268914933736e-05	4.962904075377978e-05	5.2394955341155184e-05
3313.6272545090183	6.28390056117446e-05	4.9194045451945156e-05	5.177090709740393e-05
3352.7054108216435	6.202858809947179e-05	4.8911310622756256e-05	5.132516537483793e-05
3391.7835671342687	6.141490001413813e-05	4.87712609863125e-05	5.104530827539573e-05
3430.861723446894	6.0984066812037223e-05	4.8766030248685366e-05	5.092103903453011e-05
3469.9398797595195	6.0724495198973824e-05	4.888922932600041e-05	5.0943891939580317e-05
3509.0180360721447	6.062655704032111e-05	4.913575396560523e-05	5.110698854612958e-05
3548.09619238477	6.068232645044912e-05	4.950162483188394e-05	5.140483516120666e-05
3587.174348697395	6.0885360708226726e-05	4.998385442699257e-05	5.183315429897999e-05
3626.2525050100203	6.123051739224687e-05	5.058033625926134e-05	5.238874419865993e-05
3665.3306613226455	6.171380153237665e-05	5.128975250935073e-05	5.306936160049974e-05
3704.4088176352707	6.233223770438712e-05	5.211149711937737e-05	5.3873623862457656e-05
3743.486973947896	6.308376290772502e-05	5.304561177642906e-05	5.4800927212877404e-05
3782.565130260521	6.396713680663685e-05	5.409273270531126e-05	5.5851378509223054e-05
3821.6432865731467	6.498186651624153e-05	5.525404654639868e-05	5.702573833758519e-05
3860.721442885772	6.61281436051076e-05	5.653125388929595e-05	5.832537366447214e-05
3899.799599198397	6.740679138586214e-05	5.7926539274314956e-05	5.975221855880993e-05
3938.8777555110223	6.881922089270215e-05	5.9442546671791186e-05	6.130874175192773e-05
3977.9559118236475	7.036739421303969e-05	6.108235961203685e-05	6.299792000760874e-05
4017.0340681362727	7.205379406091753e-05	6.284948527282371e-05	6.482321644177891e-05
4056.112224448898	7.388139866131583e-05	6.47478419419101e-05	6.678856306908876e-05
4095.1903807615236	7.585366116397888e-05	6.678174936357316e-05	6.889834696709461e-05
4134.268537074149	7.797449292897522e-05	6.895592155377327e-05	7.115739954248418e-05
4173.346693386774	8.02482501283282e-05	7.127546173132697e-05	7.357098846140455e-05
4212.424849699399	8.267972319285778e-05	7.374585906452426e-05	7.614481187038385e-05
4251.503006012024	8.527412870355007e-05	7.637298697592673e-05	7.888499458793196e-05
4290.58116232465	8.803710338537902e-05	7.916310278412281e-05	8.179808599160393e-05
4329.659318637275	9.09746999101645e-05	8.212284849126717e-05	8.489105936265166e-05
4368.7374749498995	9.409338425575855e-05	8.525925255032071e-05	8.817131248166222e-05
4407.815631262525	9.740003440283804e-05	8.857973246690301e-05	9.16466692948257e-05
4446.893787575151	0.00010090194017914953	9.209209810824555e-05	9.532538249254297e-05
4485.971943887776	0.00010460680408493611	9.580455560650676e-05	9.921613686068985e-05
4525.050100200401	0.0001085227429534747	9.97257117561134e-05	0.00010332805328055618
4564.128256513026	0.00011265829031759297	0.00010386457881526517	0.00010767069326677926
4603.206412825652	0.00011702239936744686	0.00010823057963058288	0.00011225406394389484
4642.284569138277	0.00012162444639698745	0.00011283355301137452	0.00011708862337170475
4681.362725450902	0.00012647423464689098	0.00011768375928636164	0.00012218528613789102
4720.440881763528	0.00013158199846055732	0.0001227918859811495	0.00012755542914329705
4759.519038076152	0.00013695840767730954	0.00012816905355938024	0.00013321089751135168
4798.597194388778	0.00014261457219338867	0.00013382682117451232	0.00013916401055829805
4837.675350701403	0.0001485620466269291	0.00013977719238265486	0.00014542756776541487
4876.753507014028	0.0001548128350279052	0.00014603262076988687	0.00015201485469834117
4915.831663326654	0.00016137939557825373	0.00015260601545017045	0.00015893964882207067
4954.909819639279	0.00016827464523101247	0.00015951074639229413	0.0001662162251632185
4993.987975951904	0.00017551196424053477	0.00016676064953638167	0.00017385936177386038
5033.066132264529	0.00018310520053878426	0.00017437003166238474	0.00018188434495368334
5072.144288577155	0.00019106867391512243	0.00018235367497470095	0.00019030697418935611
5111.22244488978	0.00019941717995937012	0.00019072684136861673	0.00019914356677203023
5150.300601202405	0.000208165993730066	0.00019950527634575397	0.0002084109620557103
5189.378757515031	0.0002173308731115567	0.0002087052125470605	0.0002181265253209381
5228.456913827656	0.00022692806182553625	0.00021834337287319678	0.00022830815120982134
5267.535070140281	0.00023697429206408284	0.0002284369731634067	0.00023897426669994745
5306.613226452906	0.00024748678671290873	0.00023900372440516528	0.00025014383358615196
5345.691382765532	0.00025848326113495854	0.00025006183444809107	0.0002618363504404944
5384.769539078156	0.0002699819244858448	0.0002616300091967116	0.0002740718540221149
5423.847695390782	0.00028200148053399816	0.0002737274532578827	0.00028687092010996846
5462.925851703407	0.00029456112795976067	0.00028637387001970654	0.0003002546637326643
5502.0040080160325	0.00030768056010877155	0.0002995894611400184	0.0003142447387709532
5541.082164328658	0.0003213799641764691	0.00031339492542355695	0.00032886333690958214
5580.160320641283	0.0003356800198016206	0.00032781145706816073	0.00034413318591653216
5619.2384769539085	0.0003506018970481742	0.0003428607432614324	0.0003600775472288734
5658.316633266533	0.00036616725375578015	0.00035856496111053856	0.00037672021282570225
5697.394789579159	0.00038239823224094614	0.0003749467738889912	0.000394085501369908
5736.472945891784	0.0003993174553316159	0.0003920293265854736	0.0004121982536017706
5775.551102204409	0.00041694802171973115	0.0004098362407411051	0.0004310838269686939
5814.629258517034	0.00043531350061725067	0.0004283916085627138	0.00045076808947667064
5853.70741482966	0.0004544379257028283	0.0004477199863011554	0.0004712774127504339
5892.785571142285	0.0004743457883474168	0.0004678463868849872	0.0004926386642906408
5931.86372745491	0.0004950620301087559	0.0004887962718012823	0.0005148791989178127
5970.941883767536	0.000516612034486096	0.0005105955422168523	0.0005380268493942259
6010.0200400801605	0.0005390216179279524	0.0005332705293345861	0.0005621099162164763
6049.098196392786	0.0005623170200873713	0.0005568479839813563	0.0005871571565729545
6088.176352705411	0.0005865248933208989	0.0005813550654254267	0.0006131977724621198
6127.2545090180365	0.0006116722914290086	0.0006068193294231059	0.0006402613979691087
6166.332665330662	0.0006377866576374319	0.0006332687154961541	0.0006683780856999935
6205.410821643287	0.0006648958118210315	0.0006607315334432713	0.0006975782923747721
6244.488977955913	0.0006930279369734901	0.0006892364490909904	0.0007278928635821261
6283.567134268537	0.0007222115649278871	0.0007188124692911865	0.0007593530177008787
6322.645290581163	0.0007524755613359354	0.0007494889261746326	0.0007919903289952395
6361.723446893788	0.0007838491099150613	0.0007812954606720769	0.000825836709892946
6400.801603206413	0.0008163616959750733	0.0008142620053165841	0.0008609243924577457
6439.879759519039	0.0008500430892386958	0.0008484187663432475	0.0008972859090699348
6478.957915831664	0.0008849233259720205	0.0008837962051046642	0.0009349540723310577
6518.036072144289	0.0009210326904436971	0.0009204250188230853	0.0009739619542114043
6557.114228456914	0.0009584016957344617	0.0009583361207027207	0.001014342864461556
6596.19238476954	0.000997061063920447	0.0009975606194281004	0.0010561303283117627
6635.2705410821645	0.0010370417056571343	0.0010381297980772309	0.0010993580634858695
6674.34869739479	0.0010783746991929323	0.0010800750924808379	0.001144059956559195
6713.426853707415	0.001121091268843987	0.0011234280690617048	0.0011902700386926764
6752.505010020041	0.0011652227629655014	0.0011682204021909919	0.001238022460778583
6791.583166332666	0.0012108006314563724	0.0012144838511010247	0.0012873514680360506
6830.661322645291	0.0012578564028372548	0.0012622502363968632	0.0013382913740977145
6869.739478957917	0.0013064216609455373	0.0013115514162117922	0.0013908765346318031
6908.817635270541	0.001356528021292252	0.0013624192620544174	0.0014451413205470458
6947.895791583167	0.0014082071071295618	0.0014148856343979214	0.0015011200908308807
6986.973947895792	0.0014614905252800065	0.0014689823580644207	0.0015588471650743356
7026.052104208417	0.0015164098417804358	0.0015247411974601533	0.0016183567957401244
7065.130260521042	0.0015729965573976024	0.0015821938317193052	0.0016796831402331504
7104.208416833668	0.0016312820830729816	0.0016413718298169428	0.0017428602328356984
7143.286573146293	0.0016912977153579662	0.0017023066257133431	0.001807921956572055
7182.364729458918	0.0017530746119021805	0.0017650294935942167	0.0018749020150700627
7221.442885771544	0.0018166437670590178	0.0018295715232729607	0.001943833904489443
7260.521042084169	0.0018820359876756722	0.0018959635958227742	0.002014750885588952
7299.599198396794	0.0019492818691343478	0.001964236359507742	0.002087685956006509
7338.677354709419	0.0020184117717147827	0.0020344202060830876	0.00216267182282826
7377.755511022045	0.002089455797347532	0.0021065452475357367	0.002239740875523984
7416.83366733467	0.0021624437668287806	0.0021806412933366927	0.0023189251593277197
7455.911823647295	0.0022374051975684144	0.0022567378282771847	0.002400256349143268
7494.989979959921	0.0023143692819418567	0.002334863990960241	0.002483765724055071
7534.068136272545	0.002393364866317845	0.0024150485530191044	0.0025694841425252185
7573.146292585171	0.00247442043083132	0.0024973198991330475	0.0026574420183572743
7612.224448897796	0.0025575640699727494	0.0025817060079100455	0.0027476692975073116
7651.3026052104215	0.002642823474060243	0.0026682344337043743	0.0028401954358218276
7690.380761523047	0.0027302259116637425	0.002756932289435114	0.00293504937778074
7729.458917835672	0.0028197982130435104	0.002847826230469726	0.0030322595363225582
7768.5370741482975	0.0029115667546674205	0.0029409424396338027	0.00313185377382643
7807.615230460922	0.0030055574448653753	0.0030363066134056157	0.0032338593843236093
7846.693386773548	0.003101795710678499	0.003133943949350461	0.0033383030770080696
7885.771543086173	0.003200306485956171	0.0032338791348462165	0.00344521096111268
7924.849699398798	0.003301114200749167	0.0033361363371477723	0.003554608532213807
7963.927855711423	0.003404242772046492	0.0034407391948332684	0.003666520660023303
8003.006012024049	0.0035097155958952377	0.0035477108106709543	0.003780971577722393
8042.084168336674	0.0036175555409399414	0.0036570737459401866	0.0038979848728869634
8081.162324649299	0.003727784943413679	0.0037688500162352577	0.00401758348004943
8120.240480961925	0.0038404256036064384	0.0038830610887751558	0.004139789674935996
8159.3186372745495	0.003955498783830874	0.00399972788123696	0.004264625070413183
8198.396793587175	0.00407302520790272	0.0041188707621247905	0.004392110614171362
8237.474949899799	0.004193025062142407	0.004240509552680276	0.004522266588166488
8276.553106212425	0.004315517997903881	0.004364663530334749	0.004655112609835605
8315.63126252505	0.004440523135626701	0.004491351433696916	0.004790667635094062
8354.709418837676	0.004568059070403699	0.004620591469064389	0.004928949963117126
8393.787575150302	0.0046981438790493334	0.004752401318440528	0.005069977242900535
8432.865731462927	0.004830795128648392	0.004886798149032748	0.005213766481588732
8471.943887775553	0.004966029886558994	0.0050237986242019665	0.0053603340545522165
8511.022044088177	0.005103864731836337	0.005163418915827622	0.005509695717188862
8550.100200400802	0.005244315768040736	0.005305674718046154	0.005661866618417434
8589.178356713426	0.005387398637385578	0.005450581262316168	0.005816861315824674
8628.256513026052	0.005533128536175605	0.005598153333757868	0.0059746937924214545
8667.334669338677	0.005681520231481958	0.005748405288708919	0.006135377474956466
8706.412825651303	0.005832588078996073	0.005901351073435005	0.006298925253731027
8745.490981963929	0.005986346041995631	0.006057004243928027	0.0064653495038517386
8784.569138276554	0.006142807711357766	0.006215377986720966	0.006634662107853028
8823.647294589178	0.006301986326546475	0.00637648514064525	0.00680687447961659
8862.725450901804	0.006463894797497159	0.006540338219451875	0.006981997589509338
8901.80360721443	0.006628545727321849	0.0067069494352155505	0.007160041990657898
8940.881763527055	0.00679595143575176	0.006876330722437862	0.007341017846273334
8979.95991983968	0.006966123983233591	0.007048493762763311	0.007524934957936547
9019.038076152305	0.007139075195592729	0.007223450010220434	0.007711802794751129
9058.11623246493	0.007314816689176805	0.0074012107168983715	0.007901630523268869
9097.194388777556	0.0074933598963879125	0.007581786958968508	0.008094427038089986
9136.272545090182	0.007674716091515947	0.007765189662960266	0.008290200993038871
9175.350701402805	0.007858896416781329	0.007951429632199579	0.008488960832815128
9214.428857715431	0.008045911908495972	0.008140517573318878	0.008690714825018575
9253.507014028057	0.00823577352325386	0.008332464122748216	0.008895471092446438
9292.585170340682	0.008428492164059814	0.008527279873097699	0.009103237645561962
9331.663326653308	0.008624078706309237	0.008724975399342819	0.009314022415032923
9370.741482965932	0.008822544023530767	0.008925561284726154	0.009527833284241059
9409.819639278558	0.009023899012808763	0.009129048146290149	0.009744678121663354
9448.897795591183	0.009228154619798278	0.009335446659958684	0.009964564813028865
9487.975951903809	0.009435321863255042	0.009544767585087275	0.010187501293156926
9527.054108216433	0.009645411859000608	0.00975702178840409	0.01041349557738434
9566.132264529058	0.009858435843246562	0.009972220267267797	0.010642555792492727
9605.210420841684	0.010074405195206719	0.010190374172170572	0.010874690207049882
9644.28857715431	0.010293331458925229	0.010411494828418386	0.011109907261082456
9683.366733466935	0.01051522636425876	0.010635593756924229	0.011348215595001052
9722.44488977956	0.01074010184694377	0.010862682694052802	0.011589624077701985
9761.523046092185	0.010967970067698077	0.01109277361046019	0.011834141833774629
9800.60120240481	0.011198843430293207	0.011325878728874252	0.012081778269747165
9839.679358717436	0.011432734598552433	0.011562010540766877	0.012332543099307222
9878.757515030062	0.011669656512222532	0.011801181821871183	0.012586446367439037
9917.835671342686	0.011909622401678284	0.012043405646502987	0.01284349847342235
9956.913827655311	0.012152645801416843	0.012288695400647205	0.013103710192643253
9995.991983967937	0.012398740562308422	0.012537064793775329	0.0133670926971709
10035.070140280563	0.012647920862567944	0.012788527869363398	0.013633657575059058
10074.148296593186	0.012900201217421088	0.013043099014083044	0.013903416848335348
10113.226452905812	0.01315559648743761	0.01330079296564259	0.014176382989645114
10152.304609218438	0.01341412188551036	0.01356162481925818	0.014452568937521844
10191.382765531063	0.013675792982463542	0.013825610032737946	0.014731988110258826
10230.460921843689	0.013940625711270657	0.01409276443016631	0.015014654418362066
10269.539078156313	0.014208636369876671	0.014363104204178209	0.015300582275566944
10308.617234468938	0.014479841622606382	0.014636645916815584	0.01558978660840605
10347.695390781564	0.01475425850016367	0.014913406498961938	0.015882282864317938
10386.77354709419	0.015031904398207774	0.015193403248353374	0.016178087018290693
10425.851703406814	0.015312797074513843	0.015476653826166703	0.016477215578036792
10464.92985971944	0.015596954644716858	0.015763176252187795	0.01677968558769928
10504.008016032065	0.015884395576636737	0.01605298889856577	0.017085514630091458
10543.08617234469	0.016175138683205727	0.016346110482160454	0.01739472082747506
10582.164328657316	0.01646920311398742	0.016642560055492445	0.01770732284088479
10621.24248496994	0.016766608345315053	0.01694235699630727	0.018023339868008238
10660.320641282566	0.01706737416904649	0.01724552099576636	0.01834279163963325
10699.398797595191	0.017371520679959944	0.01755207204527929	0.018665698414676083
10738.476953907817	0.017679068261797753	0.017862030421993334	0.01899208097380546
10777.55511022044	0.017990037571980165	0.01817541667295687	0.01932196061167878
10816.633266533066	0.01830444952500137	0.01849225159797587	0.019655359127808837
10855.711422845692	0.01862232527452988	0.018812556231181405	0.01999229881607975
10894.789579158318	0.018943686194231413	0.019136351821329906	0.020332802452931682
10933.867735470943	0.019268553857334798	0.019463659810856064	0.020676893284235734
10972.945891783567	0.019596950014961662	0.01979450181370116	0.02102459501087993
11012.024048096193	0.019928896573242066	0.02012889959193858	0.021375931773088167
11051.102204408819	0.020264415569240985	0.020466875031220685	0.02173092813349506
11090.180360721444	0.02060352914571254	0.020808450115069883	0.022089609058998334
11129.258517034068	0.020946259524716414	0.021153646898039263	0.02245199990141268
11168.336673346694	0.02129262898010823	0.021502487477766577	0.022818126376947197
11207.41482965932	0.02164265980893929	0.021854993965947752	0.023188014544529623
11246.492985971945	0.021996374301785603	0.022211188458255513	0.023561690783000452
11285.57114228457	0.022353794712033546	0.022571093003228744	0.023939181767199065
11324.649298597195	0.02271494322414745	0.022934729570160257	0.024320514442965614
11363.72745490982	0.023079841920946562	0.02330212001600916	0.024705716001079365
11402.805611222446	0.023448512749921758	0.023673286051365837	0.0250948138501575
11441.883767535071	0.023820977488611676	0.02404824920549755	0.025487835588534624
11480.961923847697	0.02419725770907395	0.024427030790502593	0.025884808975145206
11520.040080160321	0.02457737474147916	0.02480965186460314	0.026285761899430576
11559.118236472947	0.024961349636850608	0.025196133194605314	0.026690722350290685
11598.196392785572	0.025349203128990645	0.02558649521755699	0.027099718384101367
11637.274549098198	0.02574095559561191	0.025980758001634293	0.027512778091818048
11676.352705410822	0.02613662701871552	0.02637894120628887	0.02792992956518579
11715.430861723447	0.026536236944240527	0.026781064041686318	0.02835120086207488
11754.509018036073	0.02693980444102011	0.027187145227471753	0.028776619970962952
11793.587174348699	0.027347348059080453	0.02759720295089352	0.029206214774582098
11832.665330661324	0.027758885787314128	0.02801125482432239	0.029640013012751206
11871.743486973948	0.028174435010562555	0.02842931784220058	0.03007804224441273
11910.821643286574	0.028594012466147112	0.028851408337458192	0.030520329808893226
11949.8997995992	0.029017634199887767	0.02927754193743507	0.030966902786407728
11988.977955911825	0.029445315521639714	0.029707733519347697	0.031417787957827396
12028.056112224449	0.029877070960400924	0.03014199716534067	0.03187301176373013
12067.134268537075	0.030312914219022706	0.030580346117166292	0.03233260026275563
12106.2124248497	0.030752858128567147	0.03102279273053355	0.032796579089283885
12145.290581162326	0.03119691460236325	0.031469348429173226	0.03326497341045973
12184.368737474952	0.03164509458979384	0.03192002365866354	0.03373780788258429
12223.446893787575	0.032097408029877574	0.03237482784006547	0.034215106606896556
12262.525050100201	0.03255386380468171	0.032833769323416376	0.03469689308476659
12301.603206412827	0.033014469692619494	0.03329685534113302	0.03518319017232597
12340.681362725452	0.033479232321693184	0.033764091961377286	0.03567402003455953
12379.759519038078	0.03394815712271951	0.03423548404143802	0.0361694040988831
12418.837675350702	0.03442124828261348	0.034711035181186366	0.03666936300823606
12457.915831663327	0.034898508697771544	0.03519074767666182	0.03717391657371503
12496.993987975953	0.03537993992762547	0.03567462247384895	0.037683083726778206
12536.072144288579	0.03586554214841852	0.036162659122706386	0.03819688247105127
12575.150300601203	0.03635531410727588	0.03665485573151195	0.038715329833766514
12614.228456913828	0.036849253076627446	0.03715120892158827	0.039238441816868176
12653.306613226454	0.03734735480905546	0.03765171378247642	0.03976623334781893
12692.38476953908	0.037849613492628637	0.03815636382762654	0.040298718230144866
12731.462925851705	0.03835602170680133	0.03866515095067501	0.040835909093755604
12770.541082164329	0.03886657037894347	0.03917806538238186	0.04137781734508096
12809.619238476955	0.03938124874157484	0.0396950956483001	0.04192445311706504
12848.69739478958	0.0399000442903877	0.04021622852725425	0.04247582521906124
12887.775551102206	0.04042294274311932	0.04074144901070381	0.04303194108667449
12926.85370741483	0.040949927999368044	0.041270740263070316	0.0435928067315972
12965.931863727455	0.04148098210142617	0.041804083583107006	0.044158426691489075
13005.010020040081	0.04201608519620243	0.04234145836639201	0.04472880397995231
13044.088176352707	0.042555215498333264	0.04288284206902784	0.04530394003665511
13083.166332665332	0.04309834925454922	0.04342821017262761	0.045883834677659455
13122.244488977956	0.04364546070939471	0.04397753615067371	0.0464684860460118
13161.322645290582	0.044196522072366566	0.04453079143633201	0.04705789056265487
13200.400801603208	0.04475150348658286	0.04508794539180602	0.04765204287772383
13239.478957915833	0.04531037299904209	0.045648965279316396	0.04825093582229016
13278.557114228457	0.045873096532571815	0.04621381623379059	0.048854560360619664
13317.635270541083	0.0464396378595501	0.04678246123734775	0.04946290554301311
13356.713426853708	0.04700995857748276	0.04735486109566248	0.05007595845929847
13395.791583166334	0.04758401808653036	0.04793097441629289	0.05069370419304769
13434.86973947896	0.04816177356904552	0.0485107575890555	0.051316125776593204
13473.947895791584	0.048743179971239385	0.049094164768528924	0.051943204146916534
13513.02605210421	0.04932818998702367	0.04968114785876899	0.052574918102491416
13552.104208416835	0.04991675404413615	0.05027165650031197	0.053211244261155775
13591.18236472946	0.050508820292611716	0.05086563805954665	0.05385215701909705
13630.260521042084	0.05110433459568307	0.051463037620530054	0.05449762851103186
13669.33867735471	0.05170324052318721	0.0520637979793188	0.05514762857166312
13708.416833667336	0.05230547934754383	0.05266785964088946	0.055802124698500266
13747.494989979961	0.05291099004238502	0.05327516081871446	0.056461082016128525
13786.573146292587	0.05351970928388379	0.05388563743705737	0.05712446324201364
13825.65130260521	0.05413157145487603	0.05449922313605245	0.05779222865392951
13864.729458917836	0.05474650865180147	0.0551158492796227	0.05846433605909809
13903.807615230462	0.05536445069453682	0.05573544496629113	0.05914074076512854
13942.885771543088	0.055985325139179934	0.056357937042936755	0.05982139555284529
13981.963927855713	0.056609057293808336	0.05698325012153657	0.060506250651094357
14021.042084168337	0.05723557023727678	0.05761130659893682	0.06119525371361479
14060.120240480963	0.05786478484107353	0.0582420266796867	0.06188834979806451
14099.198396793588	0.05849661979428683	0.0588753284019648	0.06258548134728859
14138.276553106214	0.05913099163168406	0.05951112766662228	0.06328658817291437
14177.354709418838	0.05976781476494061	0.06014933826935939	0.06399160744136026
14216.432865731464	0.0604070015170302	0.060789871936051246	0.06470047366234266
14255.51102204409	0.06104846215977609	0.061432638361223535	0.06541311867996062
14294.589178356715	0.06169210495457437	0.062077545249681995	0.06612947166644047
14333.66733466934	0.062337836196285766	0.06272449836128517	0.06684945911861843
14372.745490981964	0.06298556026025952	0.06337340155884812	0.06757300485723529
14411.82364729459	0.06363517965251932	0.06402415685915545	0.06830003002911592
14450.901803607216	0.06428659506302432	0.06467666448705414	0.06903045311230346
14489.979959919841	0.06493970542202758	0.06533082293259333	0.06976418992421436
14529.058116232465	0.06559440795945251	0.06598652901116533	0.07050115363287589
14568.13627254509	0.06625059826725359	0.06664367792660066	0.07124125477130398
14607.214428857716	0.0669081703647174	0.0673021633371572	0.07198440125507782
14646.292585170342	0.06756701676661744	0.0679618774243406	0.07273049840315585
14685.370741482968	0.06822702855416769	0.06862271096448198	0.07347944896198354
14724.448897795592	0.06888809544870154	0.06928455340299527	0.07423115313292818
14763.527054108217	0.0695501058879691	0.06994729293122645	0.07498550860307537
14802.605210420843	0.07021294710499228	0.07061081656580112	0.07574241057941761
14841.683366733469	0.07087650520934774	0.07127501023036868	0.07650175182645456
14880.761523046094	0.07154066527079404	0.0719397588396376	0.07726342270722426
14919.839679358718	0.07220531140511716	0.07260494638558543	0.07802731122777107
14958.917835671344	0.07287032686208211	0.07327045602572407	0.07879330308505962
14997.99599198397	0.07353559411535608	0.07393617017329171	0.0795612817183245
15037.074148296595	0.07420099495428369	0.07460197058924044	0.08033112836385008
15076.152304609219	0.07486641057736403	0.07526773847588102	0.08110272211316193
15115.230460921844	0.07553172168730149	0.07593335457203843	0.08187593997460198
15154.30861723447	0.07619680858745617	0.07659869924957219	0.0826506569382591
15193.386773547096	0.07686155127957577	0.07726365261110685	0.08342674604421281
15232.464929859721	0.0775258295626256	0.07792809458881449	0.08420407845404294
15271.543086172345	0.0781895231325539	0.07859190504408949	0.08498252352555011
15310.621242484971	0.07885251168286292	0.07925496386794809	0.08576194889062441
15349.699398797597	0.07951467500575761	0.07991715108198805	0.08654222053619223
15388.777555110222	0.0801758930937628	0.08057834693973506	0.08732320288816045
15427.855711422846	0.08083604624159989	0.08123843202820571	0.08810475889827499
15466.933867735472	0.08149501514815292	0.08189728736951374	0.08888675013379878
15506.012024048097	0.08215268101835876	0.08255479452234131	0.08966903686990815
15545.090180360723	0.08280892566484238	0.08321083568310482	0.0904514781846982
15584.168336673349	0.0834636316091067	0.0838652937866357	0.09123393205668319
15623.246492985973	0.08411668218212831	0.08451805260620399	0.09201625546466931
15662.324649298598	0.08476796162415565	0.08516899685270964	0.09279830448986714
15701.402805611224	0.0854173551835454	0.0858180122728703	0.09357993442011228
15740.48096192385	0.08606474921449239	0.08646498574623313	0.09436099985604789
15779.559118236473	0.08671003127342163	0.08710980538084673	0.09514135481912264
15818.637274549099	0.08735309021395186	0.08775236060742378	0.09592085286124871
15857.715430861725	0.0879938162801974	0.08839254227183797	0.09669934717596099
15896.79358717435	0.08863210119830069	0.08903024272579327	0.09747669071091283
15935.871743486976	0.08926783826601926	0.08966535591551691	0.09825273628153745
15974.9498997996	0.08990092244020347	0.09029777746832589	0.09902733668570451
16014.028056112225	0.09053125042205111	0.09092740477692461	0.09980034481918987
16053.106212424851	0.09115872073998137	0.09155413708129624	0.10057161379178442
16092.184368737477	0.09178323382998761	0.09217787554805913	0.10134099704385041
16131.2625250501	0.09240469211335565	0.09279852334716042	0.1021083484631461
16170.340681362726	0.09302300007163762	0.09341598572579246	0.10287352250172775
16209.418837675352	0.09363806431871997	0.0940301700794169	0.103636374292738
16248.496993987977	0.09424979366994682	0.09464098601979919	0.10439675976689523
16287.575150300603	0.09485809920815173	0.09524834543995145	0.10515453576848702
16326.653306613227	0.09546289434651103	0.09585216257589835	0.10590956017068352
16365.731462925853	0.09606409488817726	0.09645235406518689	0.10666169198997567
16404.809619238476	0.09666161908254615	0.0970488390020646	0.10741079149955234
16443.887775551106	0.09725538767817131	0.09764153898926689	0.1081567203414295
16482.965931863728	0.09784532397220264	0.09823037818635166	0.10889934163714504
16522.044088176353	0.09843135385633277	0.09881528335454091	0.10963852009683955
16561.12224448898	0.09901340585921034	0.09939618389802451	0.11037412212654314
16600.200400801605	0.09959141118526492	0.09997301190169935	0.11110601593349223
16639.27855711423	0.1001653037499482	0.10054570216532029	0.11183407162930989
16678.356713426852	0.10073502021135212	0.10111419223404836	0.11255816133087773
16717.43486973948	0.10130049999820617	0.10167842242539342	0.1132781592587464
16756.513026052104	0.10186168533425424	0.10223833585254939	0.11399394183291998
16795.591182364733	0.10241852125902058	0.10279387844413622	0.11470538776587623
16834.669338677355	0.1029709556449731	0.10334499896036528	0.11541237815266966
16873.74749498998	0.10351893921112304	0.10389164900565272	0.11611479655799103
16912.825651302606	0.10406242553306713	0.10443378303771725	0.11681252910004664
16951.903807615232	0.1046013710495471	0.10497135837319752	0.11750546453114188
16990.981963927858	0.10513573506554034	0.1055043351898419	0.11819349431485301
17030.060120240483	0.1056654797519359	0.10603267652531954	0.11887651269968265
17069.13827655311	0.10619057014189648	0.10655634827271536	0.1195544167891023
17108.216432865735	0.1067109741238981	0.1070753191727743	0.12022710660789163
17147.294589178357	0.10722666243159293	0.10758956080296635	0.12089448516469625
17186.372745490982	0.10773760863051614	0.10809904756344905	0.12155645851073309
17225.450901803608	0.10824378910175393	0.10860375666001038	0.12221293579457798
17264.529058116234	0.10874518302263707	0.10910366808407763	0.12286382931298576
17303.60721442886	0.10924177234455433	0.10959876458988332	0.12350905455769642
17342.685370741485	0.10973354176799296	0.11008903166888499	0.12414853025819265
17381.76352705411	0.11022047871488572	0.11057445752153384	0.12478217842038125
17420.841683366736	0.110702573298385	0.11105503302649687	0.12540992436118384
17459.91983967936	0.11117981829014799	0.11153075170743558	0.12603169673902326
17498.997995991984	0.11165220908525361	0.1120016096974478	0.12664742758021275
17538.07615230461	0.11211974366486777	0.11246760570128486	0.1272570523012491
17577.154308617235	0.11258242255673816	0.11292874095544966	0.12786050972703442
17616.23246492986	0.11304024879367174	0.11338501918629296	0.1284577421050461
17655.310621242486	0.11349322787005937	0.11383644656621879	0.12904869511549355
17694.388777555112	0.11394136769662765	0.11428303166811267	0.12963331787749777
17733.466933867738	0.11438467855346424	0.11472478541810854	0.13021156295135067
17772.545090180363	0.11482317304147237	0.11516172104681019	0.13078338633690115
17811.62324649299	0.11525686603236435	0.11559385403907649	0.13134874746813904
17850.70140280561	0.1156857746173069	0.116021202082491	0.1319076092040445
17889.779559118237	0.11610991805431435	0.11644378501462428	0.1324599378157779
17928.857715430862	0.11652931771454374	0.11686162476920361	0.13300570297029404
17967.935871743488	0.11694399702754316	0.11727474532129854	0.13354487771047055
18007.014028056114	0.11735398142564157	0.11768317263163534	0.13407743843184114
18046.09218436874	0.11775929828751115	0.1180869345901434	0.13460336485603477
18085.170340681365	0.11815997688104525	0.11848606095884244	0.13512264000102253
18124.24849699399	0.11855604830568786	0.11888058331417382	0.13563525014828012
18163.326653306616	0.11894754543422953	0.11927053498887277	0.1361411848069767
18202.40480961924	0.11933450285427695	0.11965595101348729	0.1366404366753063
18241.482965931864	0.11971695680939252	0.12003686805763315	0.13713300159907763
18280.56112224449	0.1200949451400797	0.12041332437108052	0.13761887852768237
18319.639278557115	0.1204685072246515	0.12078535972476442	0.13809806946756903
18358.71743486974	0.12083768392007999	0.12115301535180188	0.13857057943333903
18397.795591182366	0.12120251750296468	0.12151633388860267	0.13903641639659958
18436.873747494992	0.12156305161058423	0.12187535931615483	0.1394955912326957
18475.951903807618	0.12191933118226532	0.12223013690155947	0.1399481176654488
18515.030060120243	0.12227140240099214	0.12258071313989367	0.1403940122100348
18554.108216432865	0.12261931263545274	0.1229271356964664	0.14083329411412798
18593.18637274549	0.12296311038249645	0.12326945334954101	0.14126598529743534
18632.264529058117	0.12330284521012813	0.12360771593358363	0.14169211028975806
18671.342685370742	0.1236385677010798	0.1239419742831011	0.14211169616769995
18710.420841683368	0.12397032939699715	0.12427228017712294	0.14252477249015166
18749.498997995994	0.1242981827433654	0.12459868628438399	0.14293137123267477
18788.57715430862	0.12462218103510472	0.12492124610925658	0.14333152672091218
18827.655310621245	0.1249423783630196	0.1252400139384779	0.143725275563139
18866.73346693387	0.12525882956105636	0.12555504478872026	0.144112656582081
18905.811623246493	0.12557159015443076	0.12586639435503957	0.14449371074611142
18944.88977955912	0.12588071630867514	0.12617411896024427	0.14486848109994477
18983.967935871744	0.12618626477964723	0.12647827550521518	0.14523701269493472
19023.04609218437	0.1264882928644925	0.12677892142021033	0.14559935251908845
19062.124248496995	0.12678685835364473	0.1270761146171776	0.14595554942690364
19101.20240480962	0.12708201948383765	0.1273699134431088	0.14630565406912624
19140.280561122247	0.1273738348921872	0.12766037663444785	0.14664971882253167
19179.358717434872	0.12766236357135147	0.12794756327258047	0.1469877977198243
19218.436873747498	0.12794766482578582	0.1282315327404162	0.14731994637974902
19257.515030060124	0.1282297982290891	0.12851234468008169	0.14764622193750074
19296.593186372746	0.12850882358251497	0.12879005895173343	0.14796668297551765
19335.67134268537	0.12878480087456462	0.12906473559350143	0.14828138945474376
19374.749498997997	0.1290577902417602	0.12933643478256865	0.14859040264643006
19413.827655310623	0.1293278519305379	0.12960521679739495	0.14889378506455744
19452.905811623248	0.12959504626029886	0.1298711419810825	0.14919160039894525
19491.983967935874	0.12985943358761062	0.13013427070588843	0.14948391344911277
19531.0621242485	0.13012107427154831	0.13039466333888086	0.14977079005895919
19570.140280561125	0.13038002864018572	0.1306523802087353	0.1500522970523169
19609.21843687375	0.13063635695823797	0.13090748157366844	0.1503285021694356
19648.296593186373	0.13089011939581244	0.13116002759049902	0.15059947400444895
19687.374749499	0.13114137599831185	0.13141007828483384	0.15086528194386842
19726.452905811624	0.1313901866574419	0.13165769352236242	0.15112599610615152
19765.53106212425	0.13163661108333985	0.13190293298125533	0.1513816872823857
19804.609218436875	0.13188070877776295	0.13214585612565205	0.15163242687811945
19843.6873747495	0.13212253900841095	0.13238652218022315	0.15187828685638166
19882.765531062127	0.13236216078426982	0.13262499010579648	0.15211933968191357
19921.843687374752	0.13259963283204504	0.13286131857603037	0.1523556582666452
19960.921843687378	0.1328350135735992	0.13309556595511424	0.1525873159164354
20000.0	0.13306836110443335	0.1333277902764871	0.1528143862791003
