500.0	1.2715341075888067	4.087379698254496	0.10262486893254556	0.04871190855748464
539.0781563126252	1.181791205857154	3.883811844896438	0.12893360545111912	0.05774484377400224
578.1563126252505	1.0855252508614952	3.73853895266024	0.16106624201299366	0.06792087882056069
617.2344689378758	0.9783443547138797	3.6264232749082255	0.21181468863750236	0.07931006597166525
656.312625250501	0.9102666843479071	3.5346583758051313	0.26145901827818796	0.0919799008707592
695.3907815631262	0.8023316292393259	3.4560585181155847	0.2964889174338343	0.10599519299961058
734.4689378757515	0.6874382718540499	3.3862991771476794	0.34910492436570384	0.12141794401701689
773.5470941883768	0.5679054260455193	3.3226374042370335	0.41173732777615896	0.1383072342762447
812.625250501002	0.44325584194950046	3.263262290640844	0.48377254045225687	0.15671911779838255
851.7034068136272	0.3133751618457692	3.20694110126835	0.5657008472965372	0.17670652594455352
890.7815631262525	0.17837638723423782	3.1528151796415083	0.6583159065492029	0.19831917999283563
929.8597194388778	0.0385338425416613	3.1002765672785215	0.7625512085528199	0.22160351278440538
968.937875751503	-0.10573341761401826	3.0488904094466402	0.8794316367965741	0.24660259955614636
1008.0160320641282	-0.25385759708873623	2.998344479679523	1.0100524871055188	0.2733560980219635
1047.0941883767537	-0.40510839670275434	2.948415369980079	1.155564834692295	0.3019001977009751
1086.1723446893789	-0.5585738697457188	2.898945254873475	1.3171603745097686	0.3322675784172062
1125.250501002004	-0.7131380707561336	2.849825554001366	1.496052655542733	0.3644873778132911
1164.3286573146293	-0.8674570110228566	2.8009852076004997	1.6934528000950184	0.3985851676324106
1203.4068136272545	-1.0199343908274674	2.752382104834739	1.9105382191588647	0.4345829384321037
1242.4849699398799	-1.1686988369175537	2.70399670983546	2.1484130623776423	0.47249909230550263
1281.563126252505	-1.3115848059166504	2.655827247093677	2.4080593895656066	0.5123484431053372
1320.6412825651303	-1.4461198479390969	2.607886011247586	2.6902784337565504	0.5541422235989472
1359.7194388777557	-1.5695214916846174	2.560196499644785	2.995621923896957	0.5978880989332143
1398.797595190381	-1.6787075254848045	2.5127911551206483	3.3243143109537057	0.6435901857603166
1437.875751503006	-1.7703237894543262	2.465709566947188	3.676167932758853	0.69124907637103
1476.9539078156313	-1.8407936088453032	2.418997019666357	4.050494657788183	0.7408618672031794
1516.0320641282565	-1.8863925085046078	2.372703308753672	4.446019299061359	0.7924221911391494
1555.110220440882	-1.9033506711430122	2.3268817627905256	4.860801929686713	0.8459202530778476
1594.188376753507	-1.8879835959365767	2.2815884267079625	5.292177897371687	0.9013428683626882
1633.2665330661323	-1.8368485363212579	2.2368813714726117	5.736725457627821	0.958673503767753
1672.3446893787577	-1.7469206719062893	2.1928201035189177	6.190271086175223	1.0178923208893766
1711.422845691383	-1.6157789493807377	2.14946505311735	6.647941261662917	1.0789762219606767
1750.5010020040081	-1.4417877042540035	2.106877125282778	7.1042665325362355	1.1418988983031217
1789.5791583166333	-1.2242573338362488	2.0651173001792866	7.553338971930674	1.2066308818532783
1828.6573146292585	-0.9635662690088693	2.0242462725614168	7.989018050152978	1.2731396004552316
1867.735470941884	-0.6612279619642047	1.9843241218229866	8.405173317877825	1.341389437889161
1906.8136272545091	-0.3198908388832463	1.945410005864758	8.795946242675171	1.411341799911265
1945.8917835671343	0.056734157019592696	1.907561873364794	9.156009339986978	1.48295518790296
1984.9699398797597	0.4640156265427349	1.8708361902363424	9.48079943710134	1.5561852820563034
2024.048096192385	0.8966022947401272	1.8352876771628401	9.766704017124061	1.630985036339859
2063.12625250501	1.3486641819667682	1.800969056165919	10.011184885499604	1.707304787769161
2102.2044088176353	1.8141522916142003	1.7679308052320155	10.212830941557877	1.785092382715056
2141.2825651302605	2.2870539476211293	1.7362209211217319	10.371340201047802	1.8642933230802627
2180.3607214428857	2.7616233784016773	1.7058846916202923	10.487438885383932	1.944850935112113
2219.4388777555114	3.232572100990475	1.6769644796438674	10.562751141180502	2.026706563347307
2258.517034068136	3.6952099471345363	1.6494995227586655	10.599636101277321	2.1097997916541478
2297.595190380762	4.145533964912927	1.6235257527373037	10.601009486958437	2.1940686925099784
2336.673346693387	4.580267923232083	1.599075640687202	10.570165232262813	2.2794501045044098
2375.751503006012	4.996859130869303	1.5761780739372322	10.510609432884628	2.365879936598199
2414.8296593186374	5.393441562558444	1.5548582711505845	10.425915095586562	2.4532934959346826
2453.9078156312626	5.768775005521364	1.5351377419354342	10.319602384085108	2.5416258340806297
2492.985971943888	6.122169450924465	1.517034296462057	10.19504580476814	2.6308121045964437
2532.064128256513	6.4534026807274465	1.5005621092152615	10.055407298906191	2.720787922973543
2571.1422845691386	6.762637340374305	1.4857318390212144	9.903592560006926	2.811489718430238
2610.220440881764	7.050342057437693	1.4725508049656162	9.742226994343818	2.902855066035349
2649.298597194389	7.317219578467998	1.461023214920291	9.573647437200004	2.994822987321174
2688.376753507014	7.564143567798346	1.4511504403437439	9.399905854386425	3.0873342080933006
2727.4549098196394	7.7921046845593525	1.4429313280962532	9.2227816384149	3.180331363604859
2766.5330661322646	8.002165818451678	1.436362537511502	9.043799621667228	3.2737591435964797
2805.61122244489	8.195425882809007	1.4314388891755314	8.864251480427553	3.367564372762858
2844.6893787575154	8.372991284932956	1.4281537110010372	8.685218731831098	3.4616960257460683
2883.7675350701406	8.535954067404125	1.4264991673755392	8.50759599532832	3.5561051794573033
2922.845691382766	8.685375694268082	1.426466558412364	8.332113585441009	3.650744909045007
2961.923847695391	8.82227550507367	1.4280465785275396	8.159358820760717	3.745570136827094
3001.0020040080162	8.947622948862868	1.4312295264810169	7.989795680530478	3.8405374457200656
3040.0801603206414	9.06233281852725	1.436005462360199	7.823782623998194	3.9356048699565562
3079.1583166332666	9.167262819263335	1.442364310419831	7.661588519700159	4.030731676129566
3118.236472945892	9.263212914167735	1.450295909911155	7.503406722429676	4.125878146895007
3157.314629258517	9.350925990121388	1.4597900187744925	7.34936739434045	4.221005378159523
3196.3927855711427	9.431089475501832	1.4708362771525174	7.199548201487903	4.31607509849911
3235.470941883768	9.504337617186755	1.48342413901771	7.053983534697664	4.411049517147218
3274.549098196393	9.571254188126355	1.4975427807962847	6.912672409151931	4.505891204404574
3313.6272545090183	9.632375449447883	1.5131809957852773	6.775585194468954	4.600563005970514
3352.7054108216435	9.688193233893752	1.5303270825236646	6.642669319278877	4.695027990638514
3391.7835671342687	9.739158051758064	1.5489687342437304	6.513854083520421	4.789249429139708
3430.861723446894	9.78568214770969	1.5690929352515166	6.389054699417997	4.883190800702644
3469.9398797595195	9.828142458200901	1.5906858687082428	6.268175669388693	4.976815823121512
3509.0180360721447	9.866883435643322	1.6137328389269288	6.151113596658522	5.070088501747948
3548.09619238477	9.90221971812237	1.6382182100488063	6.037759512564011	5.162973192779291
3587.174348697395	9.934438632903241	1.6641253618802456	5.928000793620618	5.255434676433543
3626.2525050100203	9.963802529009174	1.6914366627830588	5.8217227315695546	5.34743823600212
3665.3306613226455	9.990550939258954	1.7201334588263555	5.718809810797858	5.438949739285891
3704.4088176352707	10.01490257576772	1.7501960779169663	5.619146739737981	5.529935719488173
3743.486973947896	10.037057165388417	1.7816038473072193	5.522619276032476	5.620363453213933
3782.565130260521	10.05719713317541	1.8143351227065978	5.42911487931911	5.710201033772566
3821.6432865731467	10.075489142903479	1.8483673271686132	5.338523220365045	5.799417438480171
3860.721442885772	10.09208550414343	1.8836769979582673	5.2507365708683995	5.887982589092701
3899.799599198397	10.107125455511673	1.9202398397027076	5.1656500944659465	5.975867404869033
3938.8777555110223	10.120736333576264	1.958030782266933	5.083162056258063	6.063043848062659
3977.9559118236475	10.133034636593608	1.9970240419594174	5.003173965413188	6.1494849618771505
4017.0340681362727	10.144126991826612	2.037193184845615	4.925590663078643	6.235164901099566
4056.112224448898	10.154111034700943	2.0785111911201906	4.850320365844845	6.32005895575606
4095.1903807615236	10.163076207523174	2.1209505196543392	4.777274673334233	6.404143568222361
4134.268537074149	10.171104484937151	2.1644831719879885	4.7063685470705465	6.4873963442765605
4173.346693386774	10.178271032749809	2.2090807551753073	4.637520266589712	6.569796058609712
4212.424849699399	10.184644806226531	2.2547145430147597	4.570651367746991	6.651322655317272
4251.503006012024	10.190289093447362	2.3013555353016537	4.505686567328132	6.731957243886707
4290.58116232465	10.195262008833616	2.3489745148324834	4.44255367736034	6.811682091177964
4329.659318637275	10.199616941502855	2.3975421019674026	4.381183511921073	6.890480609867466
4368.7374749498995	10.203402962690005	2.447028806621348	4.321509788741454	6.968337343795875
4407.815631262525	10.206665196083819	2.4974050776068935	4.263469027481321	7.045237950626652
4446.893787575151	10.20944515457033	2.5486413492947406	4.207000446201631	7.121169182188889
4485.971943887776	10.211781046547147	2.6007080855917475	4.152045857266798	7.196118862844121
4525.050100200401	10.213708054673175	2.6535758212633707	4.098549563664768	7.270075866184744
4564.128256513026	10.215258589645495	2.707215200648088	4.046458256529114	7.343030090340803
4603.206412825652	10.216462521347301	2.7615970138271866	3.995720914478196	7.414972432143355
4642.284569138277	10.217347389485736	2.81669223032489	3.9462887052461513	7.485894760366155
4681.362725450902	10.21793859563484	2.87247203042206	3.8981148899646	7.555789888243114
4720.440881763528	10.218259578414235	2.928907834172308	3.8511547303582794	7.6246515454369765
4759.519038076152	10.21833197336761	2.9859713282126963	3.805365399039438	7.69247434961463
4798.597194388778	10.218175758954407	3.0436344904630066	3.7607058930215085	7.759253777766647
4837.675350701403	10.217809389932253	3.101869612807904	3.717136950520466	7.824986137392338
4876.753507014028	10.217249919284924	3.1606493218557787	3.674620971069907	7.8896685376574585
4915.831663326654	10.216513109740136	3.2199465978665684	3.6331219389421516	7.9532988606184585
4954.909819639279	10.215613535821534	3.279734791939082	3.5926053498405346	8.015875732596042
4993.987975951904	10.214564677289381	3.3399876415458616	3.553038140807009	8.077398495770291
5033.066132264529	10.213379004743285	3.4006792845010465	3.5143886232727204	8.137867180060582
5072.144288577155	10.212068058087102	3.461784271443932	3.47662641916677	8.197282475345382
5111.22244488978	10.210642518490282	3.5232775769178852	3.439722399989268	8.255645704069742
5150.300601202405	10.209112274420267	3.5851346091214316	3.403648628748232	8.312958794281824
5189.378757515031	10.207486482266996	3.647331218405195	3.368378304655677	8.369224253134021
5228.456913827656	10.205773622031986	3.7098437045855475	3.3338857104756667	8.424445140879088
5267.535070140281	10.203981548510855	3.772648823142797	3.300146162416165	8.478625045387057
5306.613226452906	10.20211753835852	3.835723790368934	3.267135962456546	8.531768057204557
5345.691382765532	10.200188333390678	3.8990462875271974	3.234832353003742	8.583878745174497
5384.769539078156	10.198200180442978	3.9625944640829274	3.2032134737717763	8.634962132630715
5423.847695390782	10.19615886808004	4.026346940062711	3.1722583207817774	8.685023674179176
5462.925851703407	10.1940697604202	4.090282807596107	3.1419467073823526	8.734069233074683
5502.0040080160325	10.191937828317903	4.154381631691993	3.112259227193304	8.782105059199564
5541.082164328658	10.189767678124198	4.218623450299088	3.0831772188789985	8.829137767648723
5580.160320641283	10.187563578226042	4.2829887736979915	3.054682732661162	8.875174317923356
5619.2384769539085	10.185329483547616	4.3474585832699235	3.026758498484484	8.920221993734005
5658.316633266533	10.183069058180536	4.412014329685207	2.999387895751957	8.964288383411928
5697.394789579159	10.180785696295477	4.476637930552558	2.972554924550524	9.007381360926425
5736.472945891784	10.178482541474356	4.5413117675682555	2.946244178291193	9.049509067504385
5775.551102204409	10.176162504590254	4.606018683202482	2.9204408176912127	9.090679893847277
5814.629258517034	10.173828280351357	4.67074197695819	2.895130546029448	9.130902462939684
5853.70741482966	10.171482362615235	4.735465401236306	2.870299585609324	9.17018561344265
5892.785571142285	10.169127058570782	4.800173156839242	2.845934655367032	9.2085383836642
5931.86372745491	10.166764501876905	4.864849888143124	2.82202294956575	9.245969996098754
5970.941883767536	10.16439666483961	4.929480677967911	2.7985521175196824	9.282489842526497
6010.0200400801605	10.162025369702295	4.994051042172334	2.775510244294594	9.318107469663127
6049.098196392786	10.15965229911783	5.058546924000215	2.7528858323342402	9.352832565350068
6088.176352705411	10.157279005865439	5.122954688202423	2.73066778396482	9.386674945274667
6127.2545090180365	10.15490692187009	5.187261114957968	2.708845384732001	9.419644540209612
6166.332665330662	10.152537366577556	5.251453393616234	2.687408287527564	9.451751383760508
6205.410821643287	10.150171554733847	5.315519116281247	2.6663464974648954	9.483005600610214
6244.488977955913	10.147810603613873	5.379446271257631	2.645650357464839	9.513417395248501
6283.567134268537	10.145455539740619	5.443223236376861	2.625310534515388	9.542997041175214
6322.645290581163	10.143107305132702	5.506838772221288	2.6053180065706982	9.57175487056521
6361.723446893788	10.140766763115357	5.570282015262442	2.5856640500567853	9.599701264383121
6400.801603206413	10.138434703726944	5.633542470929086	2.5663402279529355	9.626846642936032
6439.879759519039	10.136111848750675	5.696610006619591	2.547338378419637	9.653201456852038
6478.957915831664	10.133798856398952	5.75947484467229	2.5286506039453234	9.678776178472825
6518.036072144289	10.131496325675462	5.822127555306592	2.5102692609857624	9.70358129364831
6557.114228456914	10.12920480043836	5.884559049546807	2.4921869500713103	9.727627293921437
6596.19238476954	10.12692477318601	5.946760572139931	2.474396506358569	9.75092466909149
6635.2705410821645	10.124656688585155	6.008723694477709	2.456890990604316	9.773483900144132
6674.34869739479	10.122400946759832	6.0704403075328415	2.4396636805406344	9.795315452536753
6713.426853707415	10.120157906358019	6.131902614818168	2.4227080626314486	9.816429769827598
6752.505010020041	10.117927887411634	6.193103125377435	2.406017824191579	9.83683726763755
6791.583166332666	10.1157111740045	6.2540346468152	2.389586845850591	9.8565483279334
6830.661322645291	10.113508016761584	6.314690278373156	2.373409194344495	9.875573293621743
6869.739478957917	10.111318635172031	6.375063404059491	2.3574791156193857	9.8939224634428
6908.817635270541	10.109143219757486	6.435147685837259	2.3417910282318863	9.911606087153567
6947.895791583167	10.106981934096362	6.494937056877467	2.3263395170320487	9.928634360990078
6986.973947895792	10.104834916713962	6.554425714881855	2.3111193271151698	9.945017423398586
7026.052104208417	10.102702282847652	6.613608115480056	2.296125358029643	9.96076535102584
7065.130260521042	10.100584126095553	6.672478965705367	2.2813526582286583	9.975888154958723
7104.208416833668	10.098480519956714	6.731033217552851	2.26679641975421	9.990395777203855
7143.286573146293	10.096391519270039	6.789266061623282	2.252451973142425	10.004298087397908
7182.364729458918	10.09431716155883	6.84717292085589	2.238314782539866	10.017604879739642
7221.442885771544	10.092257468287276	6.904749444352697	2.224380441020916	10.030325870134918
7260.521042084169	10.090212446034723	6.961991501296762	2.210644666096921	10.042470693546118
7299.599198396794	10.08818208759327	7.018895174966465	2.197103295408202	10.05404890153769
7338.677354709419	10.086166372993718	7.0754567568476014	2.1837522825905413	10.065069960009744
7377.755511022045	10.084165270464641	7.131672740844811	2.170587693308114	10.07554324711185
7416.83366733467	10.082178737328968	7.187539817593635	2.157605701445316	10.085478051329385
7455.911823647295	10.080206720842199	7.243054868874208	2.1448025854502495	10.094883569735106
7494.989979959921	10.078249158976046	7.298214962127454	2.13217472482304	10.103768906398706
7534.068136272545	10.076305981151092	7.35301734507434	2.119718596742468	10.112143070947422
7573.146292585171	10.074377108921752	7.407459440438624	2.107430772824738	10.120014977271017
7612.224448897796	10.072462456616657	7.461538840773359	2.09530791600851	10.127393442364534
7651.3026052104215	10.070561931937323	7.515253303391192	2.0833467775606067	10.13428718530255
7690.380761523047	10.068675436517806	7.568600745398369	2.071544194197077	10.140704826338878
7729.458917835672	10.066802866447839	7.621579238832236	2.059897085314572	10.146654886125722
7768.5370741482975	10.064944112761818	7.674187005901887	2.048402450327217	10.152145785046713
7807.615230460922	10.063099061895784	7.726422414331395	2.03705736610441	10.157185842658208
7846.693386773548	10.061267596114472	7.778283972805104	2.0258589845051853	10.161783277233631
7885.771543086173	10.059449593910344	7.829770326514245	2.0148045300050113	10.165946205405715
7924.849699398798	10.057644930376325	7.880880252804053	2.0038912974110428	10.16968264190168
7963.927855711423	10.055853477553983	7.931612656920515	1.9931166496621056	10.173000499366658
8003.006012024049	10.054075104758665	7.981966567855775	1.9824780157098065	10.175907588270713
8042.084168336674	10.052309678883034	8.031941134291126	1.971972888477352	10.178411616895097
8081.162324649299	10.050557064680417	8.081535620636519	1.9615988228928438	10.18052019139348
8120.240480961925	10.048817125029176	8.130749403165368	1.9513534339939238	10.182240815924088
8159.3186372745495	10.047089721179338	8.179581966243445	1.9412343951008306	10.183580892848813
8198.396793587175	10.045374712982559	8.22803289865063	1.9312394360550234	10.184547722995518
8237.474949899799	10.043671959106517	8.276101889994091	1.9213663415207165	10.185148505979953
8276.553106212425	10.041981317234644	8.323788727211694	1.9116129493467162	10.185390340583734
8315.63126252505	10.040302644252172	8.371093291164081	1.9019771489861401	10.18528022518516
8354.709418837676	10.038635796419326	8.418015553314179	1.8924568799716648	10.184825058239543
8393.787575150302	10.036980629532424	8.464555572492527	1.883050130444066	10.184031638806077
8432.865731462927	10.03533699907372	8.510713491747115	1.8737549357319274	10.182906667118246
8471.943887775553	10.03370476035064	8.55648953527613	1.8645693769804808	10.181456745195007
8511.022044088177	10.032083768625041	8.60188400544221	1.8554915798276068	10.179688377489978
8550.100200400802	10.030473879233213	8.646897279866689	1.846519713125169	10.17760797157614
8589.178356713426	10.028874947697092	8.691529808602251	1.8376519877038857	10.17522183886349
8628.256513026052	10.027286829827311	8.735782111382608	1.8288866551800333	10.172536195347346
8667.334669338677	10.025709381818531	8.779654774947568	1.8202220068023685	10.169557162385026
8706.412825651303	10.024142460337618	8.823148450442098	1.811656372337703	10.166290767498747
8745.490981963929	10.022585922605016	8.866263850887744	1.803188118993657	10.162742945202648
8784.569138276554	10.021039626469822	8.909001748725027	1.7948156503771455	10.158919537852064
8823.647294589178	10.019503430478888	8.951362973425239	1.7865374054872643	10.15482629651304
8862.725450901804	10.017977193940405	8.993348409170206	1.7783518577412394	10.150468881850445
8901.80360721443	10.016460776982214	9.034958992598446	1.770257514032225	10.145852865032833
8940.881763527055	10.014954040605277	9.076195710616402	1.7622529138177216	10.140983728652571
8979.95991983968	10.013456846732517	9.117059598273148	1.7543366282374941	10.135866867659558
9019.038076152305	10.011969058253417	9.157551736697254	1.7465072592598796	10.13050759030717
9058.11623246493	10.010490539064552	9.197673251094283	1.7387634388554365	10.124911119108942
9097.194388777556	10.009021154106376	9.237425308803571	1.7311038281969346	10.119082591804755
9136.272545090182	10.007560769396475	9.276809117412917	1.7235271168846977	10.113027062335167
9175.350701402805	10.006109252059522	9.315825922929712	1.716032022196415	10.106749501822737
9214.428857715431	10.004666470354124	9.354477008007327	1.7086172883604747	10.100254799559234
9253.507014028057	10.003232293696799	9.392763690225202	1.7012816858520339	10.0935477639976
9292.585170340682	10.001806592683218	9.43068732042152	1.694024010710947	10.086633123747639
9331.663326653308	10.000389239106951	9.468249281077075	1.6868430838808137	10.079515528574554
9370.741482965932	9.998980105975805	9.50545098474905	1.6797377505683695	10.072199550399276
9409.819639278558	9.99757906752599	9.54229387255351	1.6727068796225055	10.06468968429989
9448.897795591183	9.996185999234179	9.578779412695315	1.6657493629322226	10.056990349513155
9487.975951903809	9.994800777827681	9.614909099044329	1.6588641148428518	10.049105890435527
9527.054108216433	9.993423281292767	9.650684449756602	1.6520500715899127	10.041040577622793
9566.132264529058	9.992053388881367	9.686107005939522	1.6453061907499753	10.032798608787788
9605.210420841684	9.990690981116142	9.721178330359646	1.638631450707957	10.02438410979542
9644.28857715431	9.989335939794154	9.755900006192185	1.6320248501402748	10.015801135654472
9683.366733466935	9.987988147989135	9.790273635811015	1.625485407513306	10.007053671505592
9722.44488977956	9.986647490052512	9.824300839618102	1.6190121605966508	9.998145633604924
9761.523046092185	9.985313851613256	9.857983254911346	1.6126041659906718	9.98908087030293
9800.60120240481	9.983987119576609	9.891322534789722	1.6062604986678342	9.979863163017837
9839.679358717436	9.982667182121848	9.924320347094849	1.5999802515273929	9.970496227203398
9878.757515030062	9.98135392869907	9.956978373387805	1.5937625349629603	9.960983713310469
9917.835671342686	9.980047250025102	9.989298307960391	1.5876064764425322	9.951329207742026
9956.913827655311	9.978747038078637	10.021281856879817	1.581511220100557	9.941536233801358
9995.991983967937	9.977453186094596	10.052930737065836	1.5754759263416542	9.931608252632975
10035.070140280563	9.976165588557809	10.084246675399546	1.5694997714555876	9.921548664156061
10074.148296593186	9.974884141196068	10.115231407862849	1.5635819472431267	9.911360807990084
10113.226452905812	9.973608740972592	10.145886678707798	1.5577216606524447	9.901047964372394
10152.304609218438	9.97233928607795	10.17621423965489	1.5519181334257115	9.890613355067494
10191.382765531063	9.971075675921512	10.20621584911957	1.5461706017555412	9.880060144267844
10230.460921843689	9.969817811122427	10.235893271466137	1.5404783159509805	9.869391439485954
10269.539078156313	9.968565593500193	10.265248276288126	1.534840540112741	9.858610292437577
10308.617234468938	9.967318926064884	10.294282637714625	1.5292565518173626	9.847719699915901
10347.695390781564	9.966077713007003	10.322998133741581	1.5237256418100429	9.836722604656527
10386.77354709419	9.964841859687041	10.351396545587466	1.5182471137058349	9.825621896193141
10425.851703406814	9.963611272624767	10.379479657072569	1.5128202836989697	9.814420411703775
10464.92985971944	9.962385859488267	10.407249254021217	1.5074444802800402	9.80312093684752
10504.008016032065	9.961165529082756	10.434707123686245	1.5021190439607945	9.79172620659162
10543.08617234469	9.959950191339201	10.46185505419505	1.496843327006311	9.780238906028913
10582.164328657316	9.958739757302787	10.488694834016641	1.491616693174322	9.768661671185466
10621.24248496994	9.95753413912118	10.515228251448924	1.486438517461459	9.756997089818448
10660.320641282566	9.956333250032753	10.541457094125812	1.4813081858562236	9.745247702204153
10699.398797595191	9.955137004354603	10.567383148543348	1.4762250950984561	9.73341600191613
10738.476953907817	9.953945317470534	10.593008199604458	1.4711886524451157	9.721504436593417
10777.55511022044	9.952758105818974	10.618334030181622	1.4661982754421865	9.709515408698907
10816.633266533066	9.951575286880777	10.64336242069701	1.461253391702505	9.697451276267746
10855.711422845692	9.95039677916703	10.668095148719473	1.4563534386893486	9.685314353645852
10894.789579158318	9.949222502206823	10.692533988577974	1.4514978635056075	9.673106912218557
10933.867735470943	9.948052376534969	10.716680710990817	1.4466861226883603	9.66083118112933
10972.945891783567	9.946886323679763	10.740537082710304	1.4419176820087154	9.64848934798868
11012.024048096193	9.945724266150696	10.764104866182278	1.4371920162767398	9.636083559573235
11051.102204408819	9.944566127426238	10.787385819220082	1.4325086091513428	9.623615922515024
11090.180360721444	9.943411831941592	10.810381694692547	1.427866952954952	9.611088503981044
11129.258517034068	9.94226130507652	10.833094240225458	1.4232665484928593	9.598503332343114
11168.336673346694	9.9411144731432	10.85552519791618	1.418706904877086	9.5858623978381
11207.41482965932	9.939971263374114	10.877676304060975	1.4141875393546401	9.573167653218574
11246.492985971945	9.938831603910025	10.899549288894576	1.4097079771400474	9.560421014393928
11285.57114228457	9.937695423787993	10.921145876341717	1.4052677512520166	9.54762436106207
11324.649298597195	9.936562652929453	10.94246778378013	1.4008664023541324	9.534779537331689
11363.72745490982	9.935433222128399	10.96351672181472	1.3965034785994597	9.52188835233525
11402.805611222446	9.934307063039613	10.984294394062495	1.3921785354789433	9.508952580832736
11441.883767535071	9.933184108167005	11.004802496947974	1.3878911356735004	9.495973963806229
11480.961923847697	9.932064290852018	11.025042719508628	1.383640848909693	9.482954209045436
11520.040080160321	9.930947545262141	11.045016743210144	1.379427251818892	9.46989499172417
11559.118236472947	9.929833806379508	11.064726241771092	1.3752499277998258	9.456797954967975
11598.196392785572	9.928723009989604	11.08417288099673	1.3711084668844205	9.443664710412916
11637.274549098198	9.927615092670068	11.103358318621638	1.3670024656068438	9.430496838755621
11676.352705410822	9.926509991779598	11.122284204160888	1.362931526875658	9.417295890294673
11715.430861723447	9.925407645446967	11.140952178769455	1.3588952598490023	9.404063385463504
11754.509018036073	9.924307992560143	11.159363875109582	1.3548932798127191	9.390800815354767
11793.587174348699	9.923210972755518	11.177520917225868	1.3509252080613379	9.377509642236395
11832.665330661324	9.922116526407263	11.195424920427795	1.3469906717818503	9.36419130005936
11871.743486973948	9.921024594616783	11.21307749117941	1.3430893039401899	9.350847194957295
11910.821643286574	9.919935119202275	11.230480226995969	1.339220743170349	9.337478705738002
11949.8997995992	9.91884804268844	11.247634716347292	1.3353846336660595	9.324087184367027
11988.977955911825	9.917763308296259	11.264542538567538	1.3315806250749684	9.310673956443322
12028.056112224449	9.916680859932944	11.281205263771282	1.327808372395246	9.297240321667166
12067.134268537075	9.915600642181959	11.29762445277557	1.3240675358745553	9.283787554300353
12106.2124248497	9.914522600293179	11.313801657027824	1.3203577809113185	9.270316903618863
12145.290581162326	9.91344668017316	11.329738418539302	1.3166787779582334	9.256829594357988
12184.368737474952	9.912372828375558	11.345436269824054	1.3130302024279625	9.243326827150137
12223.446893787575	9.911300992091604	11.360896733842974	1.3094117346009537	9.229809778955287
12262.525050100201	9.910231119140759	11.376121323953026	1.3058230595353169	9.216279603484324
12301.603206412827	9.909163157961462	11.391111543861161	1.3022638669787339	9.202737431615242
12340.681362725452	9.908097057601978	11.405868887583043	1.2987338512823101	9.189184371802376
12379.759519038078	9.907032767711407	11.420394839406178	1.2952327113163553	9.175621510478749
12418.837675350702	9.905970238530758	11.434690873857438	1.291760150388013	9.162049912451605
12457.915831663327	9.904909420884193	11.448758455674733	1.2883158761607105	9.148470621291283
12496.993987975953	9.903850266170334	11.462599039782697	1.2848996005753783	9.134884659713453
12536.072144288579	9.902792726353734	11.476214071272276	1.2815110397733875	9.121293029954883
12575.150300601203	9.901736753956426	11.489604985384007	1.278149914021167	9.107696714142774
12614.228456913828	9.900682302049603	11.502773207494872	1.2748159476364613	9.094096674657791
12653.306613226454	9.899629324245407	11.51572015310866	1.2715088689161782	9.080493854490891
12692.38476953908	9.898577774688837	11.528447227849549	1.2682284100657943	9.066889177593998
12731.462925851705	9.897527608049762	11.540955827458959	1.2649743071302773	9.053283549224684
12770.541082164329	9.896478779515029	11.553247337795394	1.2617462999264821	9.039677856284857
12809.619238476955	9.895431244780713	11.565323134837277	1.258544131976993	9.026072967653654
12848.69739478958	9.894384960044457	11.577184584688585	1.255367550445371	9.012469734514562
12887.775551102206	9.893339881997909	11.588833043587172	1.252216306072769	8.998868990676828
12926.85370741483	9.89229596781929	11.600269857915741	1.2490901531158891	8.98527155289135
12965.931863727455	9.89125317516605	11.611496364215261	1.2459888492862374	8.971678221161028
13005.010020040081	9.890211462167622	11.622513889200816	1.2429121556906593	8.958089779045748
13044.088176352707	9.88917078741831	11.6333237497797	1.2398598367731106	8.944506993962014
13083.166332665332	9.888131109970242	11.643927253071764	1.2368316602576443	8.93093061747735
13122.244488977956	9.887092389326442	11.654325696431806	1.2338273970925742	8.917361385599566
13161.322645290582	9.886054585434005	11.66452036747404	1.2308468213957962	8.903800019060954
13200.400801603208	9.885017658677375	11.674512544098414	1.2278897104012396	8.890247223597472
13239.478957915833	9.883981569871676	11.684303494518844	1.2249558444064035	8.876703690223058
13278.557114228457	9.882946280256215	11.69389447729315	1.222045006720984	8.863170095499102
13317.635270541083	9.881911751488017	11.703286741354717	1.2191569836165341	8.849647101799153
13356.713426853708	9.88087794563547	11.712481526045709	1.2162915642771552	8.836135357568997
13395.791583166334	9.87984482517209	11.721480061151892	1.2134485407511795	8.822635497582125
13434.86973947896	9.878812352970332	11.730283566938823	1.2106277079038381	8.80914814319067
13473.947895791584	9.877780492295537	11.738893254189502	1.2078288633708683	8.795673902571945
13513.02605210421	9.876749206799918	11.747310324243308	1.205051807513059	8.782213370970545
13552.104208416835	9.875718460516689	11.755535969036245	1.2022963433717009	8.768767130936258
13591.18236472946	9.874688217854246	11.763571371142293	1.1995622766249303	8.755335752557665
13630.260521042084	9.873658443590424	11.77141770381598	1.196849415544926	8.741919793691618
13669.33867735471	9.872629102866886	11.77907613103601	1.1941575709559695	8.728519800188682
13708.416833667336	9.871600161183531	11.786547807549903	1.1914865561933146	8.715136306114493
13747.494989979961	9.87057158439304	11.793833878919584	1.1888361870628814	8.701769833967223
13786.573146292587	9.869543338695484	11.800935481567954	1.186206281801731	8.688420894891166
13825.65130260521	9.868515390632982	11.807853742826248	1.1835966610393123	8.675089988886505
13864.729458917836	9.867487707084496	11.81458978098225	1.181007147759467	8.661777605015327
13903.807615230462	9.866460255260646	11.821144705329274	1.178437567263168	8.648484221603987
13942.885771543088	9.86543300269864	11.827519616215872	1.1758877471319804	8.635210306441817
13981.963927855713	9.864405917257265	11.833715605096199	1.1733575171922261	8.621956316976316
14021.042084168337	9.863378967111949	11.839733754581033	1.1708467094798396	8.60872270050484
14060.120240480963	9.862352120749906	11.845575138489387	1.1683551582058918	8.595509894362836
14099.198396793588	9.861325346965337	11.85124082190068	1.1658826997227774	8.582318326108743
14138.276553106214	9.860298614854731	11.856731861207402	1.1634291724910448	8.569148413705523
14177.354709418838	9.85927189381219	11.86204930416831	1.1609944170468518	8.556000565699026
14216.432865731464	9.858245153524884	11.86719418996201	1.1585782759700447	8.542875181393041
14255.51102204409	9.857218363968501	11.87216754924098	1.1561805938528293	8.529772651021302
14294.589178356715	9.856191495402838	11.876970404185995	1.1538012172690406	8.516693355916345
14333.66733466934	9.855164518367404	11.881603768560836	1.1514399947439844	8.503637668675367
14372.745490981964	9.854137403677113	11.88606864776738	1.1490967767248423	8.490605953323076
14411.82364729459	9.853110122418016	11.890366038900918	1.1467714155516249	8.477598565471624
14450.901803607216	9.852082645943145	11.894496930805786	1.1444637654286753	8.464615852477674
14489.979959919841	9.851054945868363	11.898462304131183	1.1421736823966868	8.451658153596618
14529.058116232465	9.850026994068308	11.902263131387208	1.139901024305249	8.438725800134039
14568.13627254509	9.848998762672387	11.905900377001084	1.1376456507858907	8.42581911559443
14607.214428857716	9.847970224060836	11.909374997373508	1.135407423225623	8.412938415827233
14646.292585170342	9.846941350860817	11.912687940935182	1.1331862047409629	8.400084009170268
14685.370741482968	9.845912115942614	11.915840148203383	1.1309818601524388	8.38725619659055
14724.448897795592	9.844882492415827	11.918832551838676	1.1287942559595443	8.374455271822585
14763.527054108217	9.843852453625674	11.921666076701687	1.1266232603161626	8.36168152150415
14802.605210420843	9.84282197314933	11.924341639909866	1.1244687430064293	8.348935225309665
14841.683366733469	9.841791024792306	11.926860150894338	1.1223305754210273	8.336216656081094
14880.761523046094	9.840759582584882	11.929222511456745	1.1202086305339116	8.323526079956556
14919.839679358718	9.839727620778627	11.931429615826053	1.1181027828794499	8.310863756496559
14958.917835671344	9.838695113842931	11.933482350715359	1.116012908529977	8.298229938807966
14997.99599198397	9.837662036461595	11.935381595378626	1.1139388850737404	8.285624873665746
15037.074148296595	9.836628363529481	11.937128221667408	1.111880591593245	8.27304880163252
15076.152304609219	9.835594070149217	11.938723094087418	1.109837908643982	8.260501957175888
15115.230460921844	9.83455913162792	11.940167069855105	1.1078107182335266	8.247984568783737
15154.30861723447	9.833523523473998	11.941460998954021	1.1057989038010163	8.23549685907739
15193.386773547096	9.832487221393983	11.942605724191194	1.1038023501969756	8.223039044922718
15232.464929859721	9.831450201289417	11.943602081253232	1.1018209436635102	8.210611337539282
15271.543086172345	9.830412439253774	11.944450898762415	1.0998545718148336	8.198213942607458
15310.621242484971	9.82937391156942	11.945152998332544	1.0979031236181387	8.185847060373652
15349.699398797597	9.828334594704646	11.945709194624666	1.09596648937481	8.173510885753597
15388.777555110222	9.827294465310722	11.946120295402615	1.0940445607019453	8.161205608433786
15427.855711422846	9.826253500218984	11.946387101588376	1.0921372305142132	8.148931412971082
15466.933867735472	9.825211676437986	11.946510407317234	1.0902443930060122	8.13668847889051
15506.012024048097	9.82416897115068	11.946490999992726	1.088365943633945	8.12447698078128
15545.090180360723	9.823125361711634	11.946329660341407	1.0865017790995857	8.112297088391074
15584.168336673349	9.822080825644298	11.94602716246736	1.0846517973325498	8.100148966718645
15623.246492985973	9.821035340638296	11.945584273906476	1.0828158974738478	8.088032776104718
15662.324649298598	9.819988884546783	11.945001755680536	1.0809939798595254	8.075948672321244
15701.402805611224	9.81894143538379	11.944280362351002	1.0791859460045776	8.063896806659061
15740.48096192385	9.817892971321674	11.943420842072593	1.0773916985871432	8.051877326013946
15779.559118236473	9.81684347068854	11.942423936646575	1.0756111414329559	8.039890372971117
15818.637274549099	9.815792911965731	11.941290381573815	1.0738441795000657	8.027936085888214
15857.715430861725	9.81474127378536	11.94002090610754	1.0720907188638145	8.016014598976758
15896.79358717435	9.81368853492786	11.938616233305842	1.0703506667020626	8.004126042382152
15935.871743486976	9.812634674319563	11.937077080083883	1.0686239312806654	7.992270542262243
15974.9498997996	9.811579671030339	11.935404157265841	1.066910421939188	7.980448220864412
16014.028056112225	9.81052350427124	11.933598169636543	1.0652100490768608	7.968659196601335
16053.106212424851	9.809466153392192	11.931659815992806	1.063522724138769	7.956903584125319
16092.184368737477	9.80840759787972	11.929589789194486	1.061848359602269	7.945181494401323
16131.2625250501	9.807347817354689	11.927388776215253	1.06018686896363	7.933493034778652
16170.340681362726	9.806286791570102	11.925057458193	1.0585381667248954	7.92183830906132
16209.418837675352	9.805224500408896	11.922596510479991	1.0569021683809618	7.910217417577195
16248.496993987977	9.804160923881799	11.920006602692673	1.0552787904068688	7.898630457245843
16287.575150300603	9.803096042125194	11.917288398761208	1.0536679502452964	7.887077521645167
16326.653306613227	9.802029835399022	11.914442556978633	1.0520695662942685	7.875558701076838
16365.731462925853	9.800962284084711	11.911469730049749	1.0504835578950535	7.864074082630525
16404.809619238476	9.799893368683142	11.908370565139663	1.04890984532027	7.8526237502469876
16443.887775551106	9.798823069812624	11.90514570392202	1.0473483497621714	7.841207784779999
16482.965931863728	9.797751368206912	11.90179578262688	1.045798993321135	7.829826264057162
16522.044088176353	9.796678244713236	11.89832143208832	1.0442616989943245	7.818479262939623
16561.12224448898	9.795603680290386	11.894723277791648	1.0427363906645462	7.807166853380694
16600.200400801605	9.79452765600679	11.891001939920331	1.0412229930892782	7.795889104483434
16639.27855711423	9.793450153038625	11.88715803340257	1.0397214318898709	7.7846460825571615
16678.356713426852	9.792371152667975	11.883192167957555	1.0382316335409347	7.773437851172956
16717.43486973948	9.791290636280989	11.87910494814135	1.0367535253598852	7.762264471218143
16756.513026052104	9.790208585366056	11.874896973392508	1.0352870354966563	7.751126000949824
16795.591182364733	9.789124981512053	11.870568838077299	1.0338320929235825	7.740022496047391
16834.669338677355	9.78803980640655	11.866121131534621	1.0323886274254384	7.728954009664124
16873.74749498998	9.786953041834089	11.861554438120564	1.0309565695896359	7.717920592477834
16912.825651302606	9.785864669674456	11.85686933725266	1.0295358507965777	7.706922292740591
16951.903807615232	9.784774671901005	11.85206640345378	1.0281264032101611	7.695959156327571
16990.981963927858	9.783683030578953	11.847146206395692	1.0267281597684335	7.685031226784971
17030.060120240483	9.78258972786376	11.842109310942302	1.0253410541743948	7.674138545377122
17069.13827655311	9.781494745999492	11.836956277192547	1.0239650208869429	7.663281151132683
17108.216432865735	9.780398067317192	11.831687660522926	1.02259999511196	7.652459080890028
17147.294589178357	9.779299674233313	11.826304011629754	1.021245912793541	7.641672369341822
17186.372745490982	9.778199549248148	11.820805876571036	1.0199027106053593	7.630921049078751
17225.450901803608	9.777097674944269	11.815193796808025	1.018570325942161	7.6202051506325095
17264.529058116234	9.775994033984999	11.80946830924643	1.0172486969113985	7.60952470251795
17303.60721442886	9.774888609112923	11.803629946277315	1.015937762324993	7.598879731274524
17342.685370741485	9.773781383148375	11.797679235817661	1.014637461691218	7.588270261506923
17381.76352705411	9.772672338987963	11.791616701350558	1.0133477352067164	7.577696315925022
17420.841683366736	9.771561459603134	11.785442861965137	1.0120685237486355	7.567157915383067
17459.91983967936	9.77044872803873	11.779158232396128	1.0107997688668864	7.556655078918167
17498.997995991984	9.769334127411556	11.77276332306306	1.009541412776523	7.546187823788094
17538.07615230461	9.768217640909002	11.766258640109228	1.0082933983502318	7.5357561655083805
17577.154308617235	9.76709925178764	11.759644685440223	1.0070556691109458	7.525360117888739
17616.23246492986	9.765978943371866	11.752921956762243	1.0058281692245647	7.514999693068851
17655.310621242486	9.764856699052547	11.74609094761999	1.0046108434927898	7.504674901553475
17694.388777555112	9.763732502285688	11.7391521474343	1.0034036373460684	7.494385752246929
17733.466933867738	9.762606336591116	11.732106041539451	1.0022064968366418	7.484132252486944
17772.545090180363	9.761478185551168	11.72495311122011	1.001019368631706	7.473914408077906
17811.62324649299	9.760348032809413	11.71769383374802	0.999842200006668	7.463732223323496
17850.70140280561	9.759215862069382	11.710328682418332	0.998674938838514	7.453585701058717
17889.779559118237	9.758081657093301	11.702858126585623	0.997517533599266	7.4434748426813675
17928.857715430862	9.75694540170086	11.695282631699627	0.9963699333495535	7.433399648182918
17967.935871743488	9.755807079767976	11.687602659340637	0.9952320877322648	7.4233601161788485
18007.014028056114	9.754666675225588	11.679818667254594	0.9941039469663076	7.413356243938406
18046.09218436874	9.753524172058455	11.671931109387883	0.9929854618404576	7.403388027413851
18085.170340681365	9.752379554303975	11.663940435921816	0.991876583707301	7.393455461269143
18124.24849699399	9.751232806050991	11.655847093306793	0.9907772644772653	7.383558538908124
18163.326653306616	9.75008391143868	11.647651524296194	0.9896874566127498	7.373697252502178
18202.40480961924	9.748932854655347	11.639354167979958	0.9886071131223267	7.3638715930174
18241.482965931864	9.747779619937349	11.630955459817839	0.9875361875550484	7.354081550241237
18280.56112224449	9.746624191567939	11.622455831672408	0.9864746339948265	7.3443271128086955
18319.639278557115	9.745466553876174	11.613855711841714	0.9854224070548995	7.334608268228012
18358.71743486974	9.744306691235819	11.605155525091707	0.9843794618723849	7.32492500290591
18397.795591182366	9.74314458806426	11.596355692688299	0.9833457541029083	7.315277302172348
18436.873747494992	9.741980228821438	11.587456632429205	0.9823212399153189	7.305665150304852
18475.951903807618	9.740813598008796	11.57845875867546	0.9813058759864772	7.296088530552393
18515.030060120243	9.739644680168217	11.569362482382648	0.9802996194961243	7.2865474251588145
18554.108216432865	9.738473459880998	11.560168211131863	0.9793024281218253	7.277041815385833
18593.18637274549	9.737299921766827	11.550876349160385	0.9783142600339917	7.267571681535657
18632.264529058117	9.736124050482761	11.541487297392072	0.9773350738909725	7.258137002973133
18671.342685370742	9.734945830722232	11.532001453467466	0.9763648288342232	7.248737758147533
18710.420841683368	9.733765247214047	11.522419211773661	0.9754034844835416	7.239373924613913
18749.498997995994	9.732582284721417	11.512740963473842	0.9744510009323814	7.230045479054107
18788.57715430862	9.731396928040967	11.502967096536588	0.9735073387432239	7.220752397297303
18827.655310621245	9.730209162001795	11.493097995764915	0.9725724589430338	7.211494654340277
18866.73346693387	9.72901897146451	11.483134042825014	0.9716463230187672	7.202272224367226
18905.811623246493	9.72782634132029	11.473075616274775	0.9707288929129534	7.193085080769267
18944.88977955912	9.726631256489952	11.462923091591957	0.969820131019347	7.183933196163544
18983.967935871744	9.72543370192303	11.452676841202244	0.9689200001786313	7.174816542412013
19023.04609218437	9.72423366259686	11.442337234506882	0.968028463674198	7.165735090639856
19062.124248496995	9.723031123515678	11.431904637910169	0.9671454852279822	7.1566888112535905
19101.20240480962	9.721826069709723	11.421379414846633	0.966271028996361	7.147677673958801
19140.280561122247	9.720618486234347	11.410761925808005	0.9654050595661133	7.13870164777759
19179.358717434872	9.719408358169149	11.400052528369876	0.9645475419504396	7.129760701065667
19218.436873747498	9.718195670617094	11.389251577218172	0.9636984415850357	7.120854801529156
19257.515030060124	9.716980408703655	11.37835942417533	0.9628577243242357	7.111983916241069
19296.593186372746	9.715762557575971	11.367376418226263	0.9620253564372006	7.103148011657485
19335.67134268537	9.714542102401987	11.356302905544066	0.9612013046041666	7.094347053633424
19374.749498997997	9.713319028369623	11.345139229515478	0.960385535912754	7.085581007438441
19413.827655310623	9.712093320685955	11.333885730766125	0.9595780178543255	7.076849837771926
19452.905811623248	9.710864964576388	11.32254274718549	0.9587787183203987	7.068153508778103
19491.983967935874	9.709633945283832	11.311110613951698	0.9579876055991144	7.059491984060775
19531.0621242485	9.708400248067916	11.299589663556008	0.9572046483717557	7.050865226697783
19570.140280561125	9.707163858204183	11.287980225827138	0.956429815709319	7.042273199255203
19609.21843687375	9.705924760983287	11.276282627955304	0.9556630770691346	7.033715863801271
19648.296593186373	9.704682941710224	11.264497194516064	0.9549044022915417	7.025193181920059
19687.374749499	9.703438385703555	11.25262424749394	0.9541537615966077	7.016705114724888
19726.452905811624	9.702191078294623	11.240664106305793	0.9534111255808989	7.008251622871493
19765.53106212425	9.700941004826808	11.228617087823984	0.9526764652143003	6.999832666570948
19804.609218436875	9.699688150654753	11.216483506399353	0.9519497518368807	6.991448205602343
19843.6873747495	9.698432501143625	11.204263673883906	0.9512309571558051	6.98309819932523
19882.765531062127	9.697174041668367	11.19195789965336	0.9505200532422959	6.97478260669183
19921.843687374752	9.695912757612966	11.179566490629444	0.9498170125286347	6.966501386259018
19960.921843687378	9.694648634369711	11.167089751301965	0.9491218078052132	6.958254496200076
20000.0	9.693381657338486	11.154527983750715	0.9484344122176281	6.950041894316239
