500.0	0.2069436316666428	0.2179725307392873	0.6060701563655838
539.0781563126252	0.19555240586377018	0.1987350061824417	0.4758461342809764
578.1563126252505	0.23498261767774006	0.2327938326246833	0.7226971864330851
617.2344689378758	0.2122216843848464	0.20830393313398035	0.5289173704583583
656.312625250501	0.20071996142810128	0.19780797273824316	0.5021893584762028
695.3907815631262	0.20264422536082297	0.1998528340874497	0.569367241246706
734.4689378757515	0.19243883784618226	0.19173315527973608	0.6219451425335054
773.5470941883768	0.16365805549409104	0.16384771049060773	0.434949256338543
812.625250501002	0.1722924854938962	0.17056374511220984	0.47334864035931556
851.7034068136272	0.157814533990698	0.15757446791561366	0.4704223116972747
890.7815631262525	0.15399019221359245	0.15272001297388357	0.41951205829107235
929.8597194388778	0.14110474537095027	0.14074496172177137	0.4070624513126251
968.937875751503	0.14424647818083358	0.14301969591093416	0.4335575566251738
1008.0160320641282	0.1249140339679894	0.12438593634843872	0.33338261997802365
1047.0941883767537	0.12579756277690557	0.12509990103356916	0.39011463432905336
1086.1723446893789	0.12071633259128155	0.1197737087262525	0.35689845304470824
1125.250501002004	0.10692961256800451	0.10637009351744008	0.29128272804683275
1164.3286573146293	0.10325402349452135	0.10269661011467626	0.3070345234154393
1203.4068136272545	0.10167037497141859	0.10091564800199831	0.3187457300686875
1242.4849699398799	0.09336164724532321	0.09269616150216829	0.27126487991817416
1281.563126252505	0.08461120962387146	0.08411088225055442	0.2370475060956323
1320.6412825651303	0.08006075589111925	0.07957737200862312	0.2351609410952241
1359.7194388777557	0.07737919024648571	0.07683288917409015	0.24034687804768537
1398.797595190381	0.07317786508863268	0.07262476700224701	0.22606761781121232
1437.875751503006	0.06727612113012117	0.066791537360954	0.1989665810472833
1476.9539078156313	0.06158864511175938	0.06117441284819139	0.1777556082798123
1516.0320641282565	0.05720822874756274	0.05682622475521123	0.16704705556893235
1555.110220440882	0.05391625023798317	0.0535373365849279	0.16244304888244812
1594.188376753507	0.05098511322485391	0.05060519850268522	0.15758515909199414
1633.2665330661323	0.04787384202917429	0.04750644579369945	0.14858988281879723
1672.3446893787577	0.04449819681969784	0.044157923717984306	0.13617490567672802
1711.422845691383	0.041089893714040676	0.04078191975576246	0.12340153968959815
1750.5010020040081	0.03791188276847444	0.03763251808926822	0.11247355796596802
1789.5791583166333	0.035097513613827756	0.03483970297575447	0.10393225280797892
1828.6573146292585	0.03264655742261603	0.03240421831582633	0.09730416245744612
1867.735470941884	0.03048606991726035	0.03025577046014507	0.0917884023449599
1906.8136272545091	0.02852825521257839	0.028309040459421474	0.08666241695486222
1945.8917835671343	0.026704538111002596	0.0264969400798106	0.08147973999087581
1984.9699398797597	0.024977067410953034	0.024782029765105046	0.07611127725549394
2024.048096192385	0.0233350071975256	0.023153136095452425	0.07066254022301455
2063.12625250501	0.021783882263703733	0.021615142720091317	0.06533588704665491
2102.2044088176353	0.020334714984791235	0.020178476374570153	0.06031622320922921
2141.2825651302605	0.018996627807917582	0.0188518784641815	0.05571679059285216
2180.3607214428857	0.017773564108756138	0.017639144098572857	0.051575542369815014
2219.4388777555114	0.01666402943888993	0.01653880336572869	0.04787579964064609
2258.517034068136	0.015662361527649056	0.015545314385998994	0.04457087882897781
2297.595190380762	0.014760396185242785	0.014650667091233985	0.041603448793169684
2336.673346693387	0.013948919336391278	0.01384579646680365	0.038917742591665326
2375.751503006012	0.013218693185915252	0.013121590057744721	0.03646582134455229
2414.8296593186374	0.012561063974015017	0.012469490592452928	0.03420975013629793
2453.9078156312626	0.011968246039431267	0.011881782394147385	0.03212130864529157
2492.985971943888	0.011433390947417675	0.011351666037187487	0.030180434402457455
2532.064128256513	0.010950533103192182	0.01087321006772162	0.028373211730952055
2571.1422845691386	0.01051447755570929	0.010441244162236754	0.026689912660457275
2610.220440881764	0.01012067193343603	0.01005123515887686	0.025123361000588734
2649.298597194389	0.009765086119575382	0.009699169535328065	0.023667720149178482
2688.376753507014	0.009444110655547962	0.009381453518356972	0.022317693966084153
2727.4549098196394	0.009154477004884939	0.009094834230684579	0.021068070070542583
2766.5330661322646	0.008893198453635185	0.008836340917116044	0.019913513928557863
2805.61122244489	0.008657528405544422	0.008603243227293892	0.018848526095727514
2844.6893787575154	0.008444932233488155	0.008393022878107918	0.017867491509389502
2883.7675350701406	0.008253069021482063	0.008203355138536749	0.016964769780518443
2922.845691382766	0.008079780053184035	0.00803209705880471	0.016134793767641414
2961.923847695391	0.007923081526770459	0.007877279959097651	0.015372158061662285
3001.0020040080162	0.007781159575654637	0.007737104272436331	0.014671689021804562
3040.0801603206414	0.007652366196507553	0.007609935346106567	0.014028494292842128
3079.1583166332666	0.007535215117585132	0.007494299230943026	0.013437993237796096
3118.236472945892	0.007428376986801942	0.007388877831295025	0.012895931342428389
3157.314629258517	0.007330673532075015	0.0072925030607278365	0.012398382113894038
3196.3927855711427	0.007241070557596979	0.007204149859979559	0.01194173982495694
3235.470941883768	0.007158669798476369	0.007122928093293549	0.01152270598669741
3274.549098196393	0.007082699770073189	0.007048073454106645	0.011138271870609614
3313.6272545090183	0.007012505823616823	0.006978937587198436	0.010785698856391801
3352.7054108216435	0.00694753966184596	0.0069149776773859166	0.010462497906585863
3391.7835671342687	0.006887348583218728	0.006855745770263186	0.010166409080780231
3430.861723446894	0.006831564716218212	0.006800878084022148	0.009895381698951862
3469.9398797595195	0.006779894482146116	0.006750084548686788	0.009647555535531668
3509.0180360721447	0.006732108490780846	0.006703138775487817	0.009421243259782204
3548.09619238477	0.006688032033207169	0.006659868619377593	0.00921491422097
3587.174348697395	0.006647536293967642	0.006620147455852204	0.009027179596976779
3626.2525050100203	0.006610530363581542	0.006583886252470973	0.008856778872773302
3665.3306613226455	0.006576954094795229	0.006551026478028102	0.008702567582923522
3704.4088176352707	0.006546771813044469	0.006521533859719978	0.008563506234112808
3743.486973947896	0.006519966864399523	0.006495392971647184	0.008438650315198559
3782.565130260521	0.006496536962926788	0.0064726026168173195	0.008327141300243682
3821.6432865731467	0.006476490283706432	0.00645317194927369	0.008228198552096078
3860.721442885772	0.006459842237279091	0.0064371172725803255	0.008141112038695445
3899.799599198397	0.006446612855295566	0.006424459444970874	0.008065235780295315
3938.8777555110223	0.0064368247149320474	0.00641522181927559	0.007999981952432289
3977.9559118236475	0.006430501330410259	0.006409428646502882	0.007944815576256108
4017.0340681362727	0.006427665942941219	0.006407103874949161	0.007899249734447654
4056.112224448898	0.00642834064507116	0.006408270281282001	0.007862841257208746
4095.1903807615236	0.006432545780985451	0.0064129488756254575	0.007835186828610775
4134.268537074149	0.006440299570550367	0.006421158528804324	0.007815919468898525
4173.346693386774	0.0064516179111830186	0.006432915776204171	0.007804705353150748
4212.424849699399	0.00646651431793297	0.0064482347588983	0.007801240931021994
4251.503006012024	0.006484999968037761	0.006467127268577615	0.007805250316156394
4290.58116232465	0.006507083821751342	0.006489602868263385	0.00781648291731059
4329.659318637275	0.006532772796179475	0.006515669065706161	0.007834711286290921
4368.7374749498995	0.006562071973268935	0.0065453315207403655	0.0078597291605303
4407.815631262525	0.006594984826923884	0.006578594271673388	0.007891349680549688
4446.893787575151	0.0066315134575283905	0.006615459969055198	0.007929403764690117
4485.971943887776	0.006671658824935349	0.006655930107941077	0.007973738625406112
4525.050100200401	0.006715420973298234	0.006700005252064416	0.008024216413097026
4564.128256513026	0.006762799243036913	0.006747685245233826	0.00808071297495423
4603.206412825652	0.0068137924667770605	0.006798969406805764	0.008143116717633889
4642.284569138277	0.006868399147332958	0.006853856709311081	0.008211327563750408
4681.362725450902	0.006926617616775322	0.0069123459372772535	0.00828525599324134
4720.440881763528	0.00698844617637242	0.006974435827030811	0.008364822161595268
4759.519038076152	0.007053883217757132	0.007040125187822788	0.008449955087773292
4798.597194388778	0.0071229273260696325	0.00710941300502814	0.008540591905403632
4837.675350701403	0.007195577366129584	0.007182298526456923	0.008636677171499468
4876.753507014028	0.007271832552874646	0.007258781333004648	0.008738162227548
4915.831663326654	0.00735169250741434	0.007338861394981519	0.008845004608356553
4954.909819639279	0.00743515730009617	0.007422539115514763	0.008957167494520595
4993.987975951904	0.007522227482000558	0.007509815362425965	0.009074619204810468
5033.066132264529	0.0076129041062524706	0.00760069148996023	0.009197332725159511
5072.144288577155	0.0077071887404768155	0.007695169351694167	0.009325285271283167
5111.22244488978	0.007805083471663588	0.007793251305882784	0.009458457882269717
5150.300601202405	0.007906590904642075	0.007894940214427024	0.009596835042762855
5189.378757515031	0.008011714155251084	0.008000239436558733	0.009740404331606837
5228.456913827656	0.00812045683922946	0.008109152818251133	0.009889156095049357
5267.535070140281	0.008232823057743963	0.008221684678274065	0.010043083142799806
5306.613226452906	0.008348817380388219	0.00833783979172431	0.010202180465419703
5345.691382765532	0.00846844482640845	0.008457623371776421	0.01036644497168517
5384.769539078156	0.008591710844808543	0.008581041050315888	0.010535875244703128
5423.847695390782	0.008718621293929214	0.00870809885803938	0.010710471315694059
5462.925851703407	0.008849182421016845	0.008838803204530917	0.010890234454465039
5502.0040080160325	0.008983400842206965	0.008973160858755068	0.011075166975700873
5541.082164328658	0.009121283523318488	0.009111178930340764	0.011265272060287178
5580.160320641283	0.009262837761756992	0.009252864851970853	0.01146055359095976
5619.2384769539085	0.009408071169802407	0.009398226363134456	0.011661016001641362
5658.316633266533	0.009556991659464512	0.009547271495447322	0.011866664139886417
5697.394789579159	0.009709607429090857	0.00970000855969757	0.012077503141905015
5736.472945891784	0.009865926951815662	0.009856446134729056	0.012293538319680575
5775.551102204409	0.010025958965938336	0.010016593058234049	0.012514775059731593
5814.629258517034	0.010189712467255828	0.010180458419488985	0.012741218733097963
5853.70741482966	0.010357196703358596	0.010348051554033521	0.012972874616156533
5892.785571142285	0.010528421169842846	0.01051938204026086	0.013209747821889321
5931.86372745491	0.010703395608399491	0.010694459697858602	0.013451843241242328
5970.941883767536	0.010882130006681826	0.010873294588018157	0.013699165494223255
6010.0200400801605	0.011064634599840778	0.011055897015297595	0.013951718890392721
6049.098196392786	0.011250919873605618	0.011242277531015666	0.014209507398407218
6088.176352705411	0.011440996568763594	0.011432446938025281	0.0144725346242723
6127.2545090180365	0.011634875686875323	0.011626416296705166	0.014740803797963227
6166.332665330662	0.011832568497031673	0.011824196931992461	0.015014317768066195
6205.410821643287	0.012034086543496497	0.012025800441268115	0.01529307900408795
6244.488977955913	0.012239441654009553	0.012231238702897431	0.01557708960607611
6283.567134268537	0.012448645948551967	0.012440523885220132	0.015866351321183053
6322.645290581163	0.012661711848371143	0.012653668455779081	0.01616086556680125
6361.723446893788	0.012878652085042555	0.012870685190572533	0.01646063345988727
6400.801603206413	0.013099479709340625	0.01309158718311248	0.01676565585208469
6439.879759519039	0.013324208099727907	0.013316387853071416	0.017075933370249565
6478.957915831664	0.01355285097022325	0.013545100954299923	0.017391466461972
6518.036072144289	0.01378542237742671	0.013777740582000523	0.017712255445684395
6557.114228456914	0.014021936726523224	0.014014321178846276	0.018038300564939245
6596.19238476954	0.014262408776013502	0.014254857539837823	0.0183696020464356
6635.2705410821645	0.014506853641016724	0.014499364815698128	0.018706160161370965
6674.34869739479	0.014755286794921869	0.014747858514611696	0.019047975289692872
6713.426853707415	0.015007724069189314	0.015000354502122679	0.019395047986825106
6752.505010020041	0.015264181651176649	0.015256868999014947	0.01974737905244414
6791.583166332666	0.015524676079776277	0.015517418577008	0.02010496960088572
6830.661322645291	0.01578922423870678	0.015782020152110735	0.02046782113276424
6869.739478957917	0.01605784334734888	0.01605069097548835	0.020835935607395925
6908.817635270541	0.016330550948956534	0.016323448621707124	0.021209315515623696
6947.895791583167	0.016607364896129184	0.016600310974235078	0.021587963952650974
6986.973947895792	0.01688830333345058	0.016881296208087284	0.02197188469050278
7026.052104208417	0.01717338467715459	0.01716642276951821	0.022361082249745874
7065.130260521042	0.017462627591792547	0.017455709352675035	0.022755561970111277
7104.208416833668	0.017756050963766545	0.017749174873139446	0.023155330079680164
7143.286573146293	0.018053673871706793	0.018046838438297134	0.023560393762307293
7182.364729458918	0.018355515553643273	0.018348719314488268	0.023970761222976103
7221.442885771544	0.01866159537090869	0.01865483689090342	0.024386441750794314
7260.521042084169	0.018971932768787152	0.018965210640203248	0.024807445779361247
7299.599198396794	0.019286547233867832	0.019279860075852393	0.025233784944252616
7338.677354709419	0.019605458248123594	0.019598804706169547	0.02566547213739291
7377.755511022045	0.01992868523972849	0.019922063985109324	0.026102521558101374
7416.83366733467	0.020256247530618835	0.020249657259802167	0.02654494876061964
7455.911823647295	0.020588164280875725	0.020581603714891126	0.02699277069794873
7494.989979959921	0.020924454429933292	0.020917922313714674	0.027446005761842415
7534.068136272545	0.02126513663471917	0.02125863173639831	0.02790467381882408
7573.146292585171	0.02161022920474437	0.021603750314925653	0.028368796242112613
7612.224448897796	0.02195975003430402	0.021953295965272904	0.02883839593936241
7651.3026052104215	0.022313716531769064	0.02230728611670077	0.029313497376140717
7690.380761523047	0.022672145546210956	0.022665737638306555	0.02979412659508092
7729.458917835672	0.023035053291347748	0.023028666762952153	0.030280311230670688
7768.5370741482975	0.02340245526701256	0.023396089008690314	0.03077208051964594
7807.615230460922	0.0237743661782468	0.02376801909782464	0.03126946530697865
7846.693386773548	0.024150799852162515	0.024144470873745293	0.031772498047460906
7885.771543086173	0.02453176915276489	0.024525457215693464	0.03228121280289844
7924.849699398798	0.024917285893808275	0.024910989951616978	0.032795645234940954
7963.927855711423	0.025307360749958367	0.02530107976928639	0.03331583259358669
8003.006012024049	0.025702003166378197	0.025695736125853193	0.03384181370140961
8042.084168336674	0.026101221266933157	0.026094967156035646	0.03437362893356399
8081.162324649299	0.02650502176123332	0.0264987795791322	0.03491132019363278
8120.240480961925	0.026913409850697376	0.026907178605064294	0.03545493088539049
8159.3186372745495	0.027326389133847256	0.02732016783966339	0.03600450588055786
8198.396793587175	0.027743961511097377	0.027737749189423577	0.03656009148263207
8237.474949899799	0.028166127089193742	0.02815992276594631	0.037121735386878296
8276.553106212425	0.028592884085613175	0.02858668679031589	0.03768948663657371
8315.63126252505	0.02902422873311508	0.029018037497646743	0.038263395575596125
8354.709418837676	0.029460155184710627	0.029453969042054103	0.03884351379745283
8393.787575150302	0.029900655419329767	0.02989447340230375	0.03942989409084486
8432.865731462927	0.03034571914839927	0.030339540288404732	0.04002259038186384
8471.943887775553	0.030795333723658246	0.030789157049411958	0.040621657672916436
8511.022044088177	0.031249484046419605	0.03124330858271436	0.04122715197847413
8550.100200400802	0.031708152478628446	0.031701977245086395	0.04183913025774156
8589.178356713426	0.03217131875595156	0.03216514276578555	0.04245765034433772
8628.256513026052	0.032638959903177216	0.032632782161983585	0.0430827708730811
8667.334669338677	0.03311105015225317	0.03310486965681982	0.043714551203968874
8706.412825651303	0.03358756086325561	0.033581376600369625	0.0443530513434375
8745.490981963929	0.034068460448511535	0.03406227139381997	0.044998331862989266
8784.569138276554	0.03455371430026255	0.034547519417147385	0.045650453815267486
8823.647294589178	0.03504328472212164	0.035037082960591194	0.04630947864766042
8862.725450901804	0.035537130864571456	0.0355309211602149	0.04697546811351138
8901.80360721443	0.03603520866489181	0.03602898993784508	0.047648484181008414
8940.881763527055	0.036537470791716535	0.03653124194567598	0.048328588939827326
8979.95991983968	0.037043866594541036	0.037037626515821	0.0490158445055975
9019.038076152305	0.03755434205845208	0.037548089615087855	0.04971031292225692
9058.11623246493	0.03806883976435435	0.038062573805247774	0.05041205606236427
9097.194388777556	0.03858729885494682	0.038581018209059785	0.05112113552542871
9136.272545090182	0.03910965500668344	0.03910335848230185	0.05183761253432319
9175.350701402805	0.03963584040801994	0.039629526792050965	0.05256154782983888
9214.428857715431	0.04016578374409499	0.040159451801440295	0.05329300156344295
9253.507014028057	0.04069941018813192	0.040693058661109074	0.0540320331882978
9292.585170340682	0.041236641399717375	0.04123026900754576	0.05477870134860107
9331.663326653308	0.04177739553014691	0.04177100096850777	0.05553306376730562
9370.741482965932	0.042321587235018325	0.04231516917568583	0.056295177132278454
9409.819639278558	0.04286912769424489	0.04286268478475719	0.05706509698095923
9448.897795591183	0.04341992463953135	0.04341345550295773	0.057842877583579734
9487.975951903809	0.043973882389499785	0.04396738562427563	0.05862857182500662
9527.054108216433	0.044530901892523865	0.04452437607234972	0.05942223108527395
9566.132264529058	0.04509088077730009	0.045084324451131065	0.06022390511887137
9605.210420841684	0.045653713411251476	0.04564712510333985	0.06103364193285836
9644.28857715431	0.04621929096668506	0.046212669176725577	0.061851487663878844
9683.366733466935	0.046787501494794624	0.046780844698110335	0.06267748645415247
9722.44488977956	0.04735823000731817	0.04735153665516654	0.06351168032652312
9761.523046092185	0.04793135856593792	0.047924627085854994	0.06435410905865087
9800.60120240481	0.0485067663791735	0.04849999517541642	0.06520481005643604
9839.679358717436	0.04908432990673223	0.04907751736078416	0.06606381822677279
9878.757515030062	0.049663922971084226	0.049657067442253074	0.06693116584972918
9917.835671342686	0.05024541687614903	0.05023851670221266	0.06780688245026407
9956.913827655311	0.05082868053276846	0.050821734030721315	0.0686909946695897
9995.991983967937	0.05141358059083083	0.05140658605767114	0.06958352613630145
10035.070140280563	0.05199998157764062	0.0519929372912621	0.07048449733739628
10074.148296593186	0.05258774604236066	0.05258065026247809	0.07139392548931803
10113.226452905812	0.05317673470607857	0.05316958567522927	0.07231182440916212
10152.304609218438	0.05376680661717119	0.05375960256179911	0.07323820438619069
10191.382765531063	0.0543578193116524	0.05435055844320925	0.07417307205381007
10230.460921843689	0.05494962897793666	0.05494230949409163	0.0751164302621738
10269.539078156313	0.05554209062580308	0.055534710711635106	0.0760682779515776
10308.617234468938	0.05613505825883217	0.05612761608815275	0.07702861002682665
10347.695390781564	0.05672838505015067	0.05672087878679738	0.07799741723275617
10386.77354709419	0.05732192352070469	0.05731435131993645	0.07897468603110143
10425.851703406814	0.05791552571978982	0.0579078857296811	0.07996039847891397
10464.92985971944	0.058509043407201554	0.058501333770052504	0.08095453210873398
10504.008016032065	0.05910232823639937	0.05909454709025895	0.0819570598107338
10543.08617234469	0.05969523193845227	0.059687377418545816	0.08296794971705347
10582.164328657316	0.060287606505793824	0.06027967674608007	0.08398716508856045
10621.24248496994	0.06087930437567148	0.06087129751032159	0.0850146642042675
10660.320641282566	0.06147017861237608	0.06146209277733898	0.08605040025365449
10699.398797595191	0.062060083088022196	0.062051916422524465	0.08709432123214063
10738.476953907817	0.06264887266106074	0.06264062330917029	0.08814636983996423
10777.55511022044	0.0632364033522407	0.063228069464374	0.08920648338472877
10816.633266533066	0.06382253251731083	0.06381411225175095	0.09027459368788185
10855.711422845692	0.06440711901603412	0.06439861054044245	0.09135062699539521
10894.789579158318	0.06499002337704103	0.06498142486992449	0.09243450389291918
10933.867735470943	0.06557110795796921	0.06556241761013637	0.0935261392256885
10972.945891783567	0.06615023710048187	0.06614145311646974	0.09462544202345552
11012.024048096193	0.06672727727970788	0.06671839787917544	0.09573231543073495
11051.102204408819	0.06730209724771086	0.06729312066677469	0.09684665664263505
11090.180360721444	0.06787456817051232	0.06786549266307829	0.09796835684656093
11129.258517034068	0.06844456375844905	0.06843538759744906	0.09909730117006722
11168.336673346694	0.06901196038935187	0.06900268186796944	0.10023336863513684
11207.41482965932	0.06957663722437266	0.06956725465720229	0.10137643211916318
11246.492985971945	0.07013847631612721	0.07012898804026693	0.10252635832290419
11285.57114228457	0.07069736270890649	0.07068776708498159	0.10368300774567524
11324.649298597195	0.0712531845306883	0.07124347994385472	0.10484623466804176
11363.72745490982	0.07180583307689369	0.07179601793773946	0.10601588714226094
11402.805611222446	0.07235520288563126	0.07234527563100308	0.10719180699072135
11441.883767535071	0.0729011918043073	0.07289115089808784	0.10837382981261218
11480.961923847697	0.07344370104755044	0.0734335449813796	0.10956178499904771
11520.040080160321	0.07398263524646738	0.07397236254033075	0.11075549575686097
11559.118236472947	0.07451790248898978	0.0745075116918134	0.11195477914126334
11598.196392785572	0.07504941435161445	0.07503890404171651	0.11315944609755865
11637.274549098198	0.07557708592232489	0.07556645470782582	0.11436930151208073
11676.352705410822	0.07610083581490674	0.07609008233405834	0.1155841442725097
11715.430861723447	0.07662058617472173	0.07660970909615225	0.11680376733769955
11754.509018036073	0.07713626267603667	0.07712526069894059	0.1180279578171412
11793.587174348699	0.07764779451111935	0.07763666636536246	0.11925649706015107
11832.665330661324	0.07815511437125919	0.07814385881739358	0.12048916075486989
11871.743486973948	0.07865815841987445	0.0786467742491003	0.12172571903712018
11910.821643286574	0.07915686625796113	0.07914535229204162	0.1229659366091601
11949.8997995992	0.07965118088223752	0.07963953597326949	0.124209572868339
11988.977955911825	0.08014104863598304	0.08012927166619044	0.12545638204564094
12028.056112224449	0.0806264191531681	0.08061450903457545	0.12670611335407392
12067.134268537075	0.08110724529597396	0.0810952009700142	0.12795851114683934
12106.2124248497	0.08158348308602321	0.08157130352312991	0.12921331508518744
12145.290581162326	0.0820550916298004	0.08204277582887654	0.13047026031583844
12184.368737474952	0.08252203303835041	0.08250958002625874	0.13172907765782385
12223.446893787575	0.08298427234188017	0.08297168117281487	0.13298949379856986
12262.525050100201	0.08344177739937123	0.08342904715421719	0.13425123149902077
12301.603206412827	0.08389451880369517	0.08388164858934449	0.1355140098075747
12340.681362725452	0.08434246978261405	0.08432945873119019	0.13677754428256925
12379.759519038078	0.08478560609584701	0.08477245336396654	0.13804154722303025
12418.837675350702	0.0852239059288408	0.08521061069677074	0.13930572790737725
12457.915831663327	0.0856573497833408	0.08564391125417549	0.1405697928397341
12496.993987975953	0.08608592036534837	0.0860723377641046	0.14183344600348913
12536.072144288579	0.08650960247061594	0.08649587504335361	0.1430963891217048
12575.150300601203	0.08692838286822667	0.08691450988110834	0.1443583219239627
12614.228456913828	0.08734225018244633	0.08732823092081006	0.14561894241920337
12653.306613226454	0.08775119477332935	0.08773702854070904	0.1468779471740924
12692.38476953908	0.08815520861626863	0.0881408947334427	0.1481350315964341
12731.462925851705	0.08855428518096553	0.08853982298496212	0.1493898902231199
12770.541082164329	0.08894841931001825	0.08893380815313012	0.15064221701208944
12809.619238476955	0.08933760709749212	0.08932284634629327	0.15189170563776064
12848.69739478958	0.08972184576777803	0.08970693480213007	0.15313804978936987
12887.775551102206	0.09010113355498271	0.09008607176706314	0.15438094347165043
12926.85370741483	0.09047546958318926	0.09046025637650972	0.15562008130726065
12965.931863727455	0.09084485374782073	0.09082948853624068	0.15685515884036985
13005.010020040081	0.09120928659828768	0.09119376880509694	0.15808587284079378
13044.088176352707	0.09156876922235077	0.09155309827931225	0.15931192160807167
13083.166332665332	0.09192330313222152	0.09190747847866797	0.16053300527486436
13122.244488977956	0.0922728901527982	0.09225691123470157	0.16174882610906036
13161.322645290582	0.09261753231203222	0.09260139858117777	0.16295908881396803
13200.400801603208	0.09295723173390169	0.09294094264701502	0.1641635008259776
13239.478957915833	0.09329199053393107	0.09327554555185376	0.1653617726090792
13278.557114228457	0.09362181071752369	0.09360520930443832	0.1665536179456323
13317.635270541083	0.09394669408130282	0.09392993570397642	0.16773875422278578
13356.713426853708	0.0942666421175319	0.09424972624462205	0.16891690271396076
13395.791583166334	0.0945816559219024	0.09456458202322796	0.17008778885481785
13434.86973947896	0.09489173610454285	0.0948745036504916	0.1712511425131555
13473.947895791584	0.09519688270473677	0.09517949116561826	0.17240669825218136
13513.02605210421	0.09549709510907983	0.09547954395460737	0.17355419558664087
13552.104208416835	0.09579237197351517	0.09577466067226637	0.17469337923128953
13591.18236472946	0.09608271114907534	0.09606483916803733	0.17582399934122492
13630.260521042084	0.09636810961158292	0.09635007641572549	0.17694581174362037
13669.33867735471	0.09664856339529963	0.09663036844719752	0.1780585781604172
13708.416833667336	0.09692406753058244	0.09690571029011798	0.17916206642156748
13747.494989979961	0.09719461598575305	0.09717609590978311	0.18025605066844838
13786.573146292587	0.09746020161288377	0.09744151815510034	0.18134031154708408
13825.65130260521	0.09772081609805565	0.09770196870875682	0.18241463639086136
13864.729458917836	0.09797644991563235	0.09795743804161797	0.1834788193924363
13903.807615230462	0.09822709228683195	0.09820791537138149	0.18453266176457384
13942.885771543088	0.0984727311426961	0.09845338862551367	0.18557597188968958
13981.963927855713	0.09871335309119428	0.09869384440848758	0.18660856545789078
14021.042084168337	0.09894894338877144	0.09892926797333386	0.18763026559335746
14060.120240480963	0.09917948591609456	0.09915964319751201	0.18864090296892674
14099.198396793588	0.09940496315826838	0.09938495256310705	0.18964031590877958
14138.276553106214	0.09962535618925444	0.09960517714134695	0.19062835047916787
14177.354709418838	0.09984064466064506	0.09982029658143272	0.1916048605671418
14216.432865731464	0.10005080679476092	0.1000302891036736	0.1925697079472769
14255.51102204409	0.10025581938198026	0.10023513149690563	0.1935227623364343
14294.589178356715	0.10045565778239256	0.10043479912017811	0.19446390143660672
14333.66733466934	0.10065029593168481	0.10062926590868065	0.1953930109659445
14372.745490981964	0.10083970635112763	0.10081850438388	0.19630998467808822
14411.82364729459	0.10102386016198851	0.10100248566784058	0.19721472436993948
14450.901803607216	0.10120272710377244	0.1011811795016816	0.19810713987806486
14489.979959919841	0.10137627555687274	0.10135455426813937	0.1989871490639188
14529.058116232465	0.10154447256902664	0.10152257701818324	0.19985467778812405
14568.13627254509	0.1017072838859069	0.1016852135016375	0.20070965987404998
14607.214428857716	0.10186467398568705	0.10184242820175794	0.20155203706096983
14646.292585170342	0.10201660611741313	0.10199418437370356	0.20238175894708207
14685.370741482968	0.10216304234323659	0.10214044408683957	0.20319878292271645
14724.448897795592	0.10230394358453278	0.10228116827081296	0.2040030740940499
14763.527054108217	0.10243926967149215	0.10241631676532108	0.20479460519767867
14802.605210420843	0.10256897939655181	0.1025458483735059	0.2055733565064103
14841.683366733469	0.1026930305712594	0.10266972091889033	0.2063393157266513
14880.761523046094	0.10281138008659578	0.10278789130577393	0.20709247788776994
14919.839679358718	0.10292398397674495	0.10290031558300015	0.20783284522383683
14958.917835671344	0.10303079748605007	0.10300694901100194	0.20856042704814456
14997.99599198397	0.10313177513924027	0.1031077461320237	0.20927523962091749
15037.074148296595	0.10322687081463701	0.10320266084342139	0.20997730601062495
15076.152304609219	0.10331603782038704	0.10329164647392917	0.2106666559493281
15115.230460921844	0.10339922897364096	0.1033746558627791	0.21134332568246753
15154.30861723447	0.10347639668221775	0.10345164144155648	0.21200735781352945
15193.386773547096	0.1035474930291366	0.10352255531866557	0.21265880114400446
15232.464929859721	0.10361246985956885	0.10358734936627564	0.21329771050906393
15271.543086172345	0.10367127886995256	0.10364597530961497	0.21392414660937165
15310.621242484971	0.1037238716996811	0.10369838481846934	0.21453817583944276
15349.699398797597	0.10377020002443428	0.10374452960074086	0.21513987011296443
15388.777555110222	0.1038102156517375	0.1037843614979183	0.2157293066854732
15427.855711422846	0.10384387061816315	0.10381783258229747	0.21630656797479056
15466.933867735472	0.10387111728812343	0.10384489525579582	0.21687174137960039
15506.012024048097	0.10389190845404847	0.10386550235019001	0.21742491909654726
15545.090180360723	0.10390619743795432	0.10387960722860823	0.21796619793622365
15584.168336673349	0.10391393819394427	0.10388716388809842	0.2184956791384028
15623.246492985973	0.1039150854117026	0.10388812706309075	0.21901346818686276
15662.324649298598	0.10390959462067781	0.1038824523295712	0.21951967462413913
15701.402805611224	0.10389742229471341	0.10387009620977476	0.2200144118665244
15740.48096192385	0.10387852595720128	0.10385101627720172	0.22049779701962632
15779.559118236473	0.10385286428612142	0.1038251712617642	0.22096995069478143
15818.637274549099	0.10382039721921653	0.10379252115485657	0.2214309968266023
15857.715430861725	0.10378108605875229	0.10375302731415079	0.22188106249193534
15896.79358717435	0.10373489357587205	0.10370665256790373	0.22232027773047763
15935.871743486976	0.10368178411428569	0.10365336131857206	0.22274877536729798
15974.9498997996	0.1036217236929236	0.10359311964552337	0.22316669083749152
16014.028056112225	0.10355468010762638	0.1035258954066258	0.22357416201317298
16053.106212424851	0.10348062303148584	0.10345165833851169	0.22397132903302125
16092.184368737477	0.10339952411350534	0.1033703801552933	0.2243583341345502
16131.2625250501	0.1033113570756796	0.10328203464552173	0.22473532148928224
16170.340681362726	0.10321609780808343	0.1031865977671757	0.22510243704098368
16209.418837675352	0.10311372446162048	0.10308404774046744	0.22545982834710568
16248.496993987977	0.1030042175385664	0.10297436513825721	0.22580764442356382
16287.575150300603	0.10288755998049233	0.10285753297386935	0.22614603559297453
16326.653306613227	0.10276373725321566	0.102733536786105	0.22647515333645682
16365.731462925853	0.10263273742907661	0.10260236472125302	0.2267951501490925
16404.809619238476	0.10249455126564297	0.10246400761190107	0.2271061793991281
16443.887775551106	0.10234917228133342	0.10231845905235752	0.22740839519098988
16482.965931863728	0.10219659682730962	0.10216571547050046	0.22770195223217213
16522.044088176353	0.10203682415563917	0.10200577619587042	0.2279870057040492
16561.12224448898	0.1018698564836123	0.10183864352383974	0.22826371113664753
16600.200400801605	0.10169569905383696	0.10166432277569182	0.22853222428741213
16639.27855711423	0.10151436019023886	0.10148282235445362	0.22879270102398236
16678.356713426852	0.10132585134958862	0.10129415379633515	0.2290452972109928
16717.43486973948	0.10113018716846796	0.10109833181763714	0.2292901686008984
16756.513026052104	0.10092738550566302	0.10089537435699762	0.2295274707288179
16795.591182364733	0.10071746747971962	0.1006853026128604	0.22975735881139095
16834.669338677355	0.10050045750165121	0.1004681410760582	0.2299799876496117
16873.74749498998	0.1002763833026477	0.10024391755741273	0.23019551153563228
16912.825651302606	0.10004527595666862	0.10001266321027064	0.23040408416348684
16951.903807615232	0.09980716989802288	0.09977441254789825	0.230605858543702
16990.981963927858	0.09956210293367473	0.09952920345568111	0.23080098692175618
17030.060120240483	0.09931011625022226	0.09927707719807514	0.23098962070032436
17069.13827655311	0.09905125441582072	0.09901807842028064	0.23117191036526497
17108.216432865735	0.09878556537653668	0.09875225514461441	0.231348005415285
17147.294589178357	0.09851310044759412	0.09847965876157252	0.23151805429522346
17186.372745490982	0.09823391429923163	0.09820034401559236	0.23168220433288478
17225.450901803608	0.09794806493729272	0.09791436898552848	0.23184060167935067
17264.529058116234	0.09765561367857015	0.09762179505987889	0.23199339125270713
17303.60721442886	0.09735662512089915	0.09732268690680425	0.23214071668509925
17342.685370741485	0.09705116710818947	0.0970171124390013	0.2322827202730486
17381.76352705411	0.09673931069026767	0.0967051427735024	0.23241954293094672
17420.841683366736	0.09642113007783867	0.09638685218648411	0.23255132414764795
17459.91983967936	0.09609670259248528	0.09606231806318603	0.23267820194607503
17498.997995991984	0.09576610861187494	0.0957316208430457	0.23280031284576388
17538.07615230461	0.09542943151039422	0.09539484396017574	0.23291779182825578
17577.154308617235	0.09508675759509665	0.09505207377931205	0.2330307723052524
17616.23246492986	0.0947381760374861	0.09470339952738185	0.23313938608945478
17655.310621242486	0.09438377880072425	0.09434891322084239	0.23324376336799926
17694.388777555112	0.09402366056323165	0.09398870958895765	0.23334403267840023
17733.466933867738	0.09365791863802997	0.09362288599318745	0.23344032088692293
17772.545090180363	0.0932866528884394	0.0932515423428692	0.23353275316929856
17811.62324649299	0.09290996564043127	0.09287478100738791	0.23362145299369566
17850.70140280561	0.09252796159147	0.09249270672502823	0.23370654210586908
17889.779559118237	0.09214074771631688	0.09210542650871827	0.23378814051640195
17928.857715430862	0.09174843316998511	0.09171304954887301	0.23386636648995923
17967.935871743488	0.09135112918779033	0.09131568711355646	0.23394133653647228
18007.014028056114	0.09094894898332143	0.09091345244618286	0.2340131654041779
18046.09218436874	0.0905420076438009	0.09050646066098257	0.2340819660744322
18085.170340681365	0.09013042202348386	0.09009482863645839	0.23414784975821962
18124.24849699399	0.0897143106356282	0.08967867490706746	0.23421092589428985
18163.326653306616	0.08929379354236115	0.08925811955335486	0.23427130214884048
18202.40480961924	0.08886899224375534	0.08883328409077589	0.23432908441667916
18241.482965931864	0.08844002956538961	0.08840429135743748	0.23438437682379296
18280.56112224449	0.08800702954535711	0.08797126540098976	0.23443728173125278
18319.639278557115	0.08757011732055693	0.08753433136490141	0.2344878997403928
18358.71743486974	0.08712941901241333	0.08709361537434271	0.23453632969919097
18397.795591182366	0.08668506161282076	0.086649244421904	0.23458266870979477
18436.873747494992	0.08623717286966066	0.08620134625337068	0.23462701213712123
18475.951903807618	0.08578588117303128	0.08575004925377315	0.23466945361848185
18515.030060120243	0.08533131544159195	0.08529548233392154	0.23471008507416227
18554.108216432865	0.08487360500990752	0.08483777481763753	0.23474899671890878
18593.18637274549	0.08441287951643643	0.08437705632987869	0.23478627707426025
18632.264529058117	0.08394926879274657	0.0839134566859576	0.23482201298167818
18671.342685370742	0.08348290275398625	0.08344710578203798	0.2348562896164175
18710.420841683368	0.08301391129071548	0.08297813348709254	0.23488919050209137
18749.498997995994	0.0825424241626037	0.08250666953649487	0.23492079752588316
18788.57715430862	0.08206857089357275	0.08203284342741247	0.23495119095435268
18827.655310621245	0.08159248066922016	0.08155678431615587	0.23498044944980112
18866.73346693387	0.08111428223618893	0.08107862091763432	0.23500865008714594
18905.811623246493	0.08063410380378606	0.08059848140705839	0.23503586837126236
18944.88977955912	0.08015207294796904	0.08011649332401927	0.23506217825475767
18983.967935871744	0.07966831651794473	0.07963278347906803	0.23508765215613533
19023.04609218437	0.07918296054516542	0.0791474778629081	0.23511236097831226
19062.124248496995	0.07869613015527215	0.07866070155830156	0.23513637412745964
19101.20240480962	0.07820794948266438	0.07817257865478881	0.23515975953212417
19140.280561122247	0.07771854158809284	0.07768323216630156	0.23518258366260575
19179.358717434872	0.07722802837906949	0.07719278395174853	0.2352049115505565
19218.436873747498	0.07673653053355745	0.07670135463863803	0.2352268068087721
19257.515030060124	0.07624416742645287	0.07620906354979842	0.23524833165114792
19296.593186372746	0.07575105705945864	0.07571602863324056	0.23526954691277543
19335.67134268537	0.07525731599401896	0.07522236639520623	0.23529051207014673
19374.749498997997	0.07476305928751542	0.07472819183643202	0.23531128526145026
19413.827655310623	0.07426840043266263	0.07423361839165249	0.2353319233069284
19452.905811623248	0.07377345130018374	0.07373875787235577	0.23535248172928233
19491.983967935874	0.07327832208477035	0.07324372041280124	0.23537301477409311
19531.0621242485	0.07278312125423932	0.07274861441929657	0.23539357543025102
19570.140280561125	0.07228795550195986	0.07225354652272722	0.23541421545036353
19609.21843687375	0.07179292970263416	0.07175862153432316	0.2354349853711317
19648.296593186373	0.07129814687106363	0.07126394240464035	0.23545593453367658
19687.374749499	0.07080370812433862	0.07076961018573125	0.23547711110379713
19726.452905811624	0.07030971264700833	0.07027572399646721	0.2354985620921485
19765.53106212425	0.06981625765955377	0.06978238099097506	0.2355203333743232
19804.609218436875	0.06932343838961634	0.06928967633014231	0.23554246971082954
19843.6873747495	0.06883134804665268	0.06879770315614005	0.2355650147669408
19882.765531062127	0.06834007779919123	0.06830655256990908	0.2355880111324235
19921.843687374752	0.06784971675525432	0.06781631361155013	0.23561150034111267
19960.921843687378	0.06736035194544307	0.06732707324355501	0.23563552289034315
20000.0	0.06687206830889852	0.06683891633681137	0.23566011826021455
