500.0	0.21942149526449214	0.250402136834859	0.46185269545326957
539.0781563126252	0.18778714479931724	0.24653420035613072	0.4927908063549271
578.1563126252505	0.1907720479843312	0.21906002891959703	0.43265120187725165
617.2344689378758	0.1771432512968047	0.19437697561248	0.39091176260479993
656.312625250501	0.1549132477249047	0.16809750606890075	0.3403763056840039
695.3907815631262	0.14004396010289719	0.1430965612531222	0.2815125555376901
734.4689378757515	0.12895691059417735	0.12828481139587547	0.25958333026927954
773.5470941883768	0.1068143842615896	0.10836019199526448	0.22026682007115353
812.625250501002	0.09538681371588299	0.09371384137193092	0.19181619444369172
851.7034068136272	0.0788120801179666	0.07817809782346022	0.16057202631037742
890.7815631262525	0.0680520286247501	0.0664448863973918	0.13884907352127326
929.8597194388778	0.05604452734457275	0.05457746606986819	0.11345383615256006
968.937875751503	0.04627094201453923	0.04493692030203087	0.0947127005655357
1008.0160320641282	0.03817306982087124	0.036755302374979426	0.07814612906188165
1047.0941883767537	0.03073310133143834	0.029505523913770898	0.0628230427362067
1086.1723446893789	0.024557275290423092	0.023499802519710063	0.05038761612128323
1125.250501002004	0.019535632176498945	0.018596009998385572	0.04021556114488035
1164.3286573146293	0.015351734898964482	0.01455029239804445	0.03163133737662843
1203.4068136272545	0.011912098577485403	0.011251844066178103	0.02454716962316575
1242.4849699398799	0.009156663785393829	0.00861751106525902	0.01887079128701289
1281.563126252505	0.00698041760175212	0.006543587495399928	0.014381141073810333
1320.6412825651303	0.005275444250865969	0.004926786475589936	0.010854196248614346
1359.7194388777557	0.0039527722186811585	0.0036788836070262274	0.008110946169546362
1398.797595190381	0.002938882827352392	0.002726474869108262	0.006005070283542837
1437.875751503006	0.0021708721408192334	0.002007834740778271	0.004410137947924146
1476.9539078156313	0.0015952837317751226	0.0014712760384712033	0.003216942858233034
1516.0320641282565	0.0011679097165557396	0.0010743584757806218	0.0023339338625010513
1555.110220440882	0.0008531297837890088	0.0007830416521259959	0.0016866918888584486
1594.188376753507	0.0006228357271853099	0.0005706008236006919	0.0012161902427240533
1633.2665330661323	0.0004552373340686217	0.0004164388546140083	0.000876529384689066
1672.3446893787577	0.00033371298844780495	0.00030493599348305737	0.0006326353038772947
1711.422845691383	0.0002457707176989965	0.00022441654683301058	0.0004581377983120837
1750.5010020040081	0.0001821467116775902	0.00016626385324992286	0.0003335080100096518
1789.5791583166333	0.0001360502288507083	0.00012418868595138688	0.0002444799380791915
1828.6573146292585	0.00010255108028700823	9.364233718204987e-05	0.00018075471906350948
1867.735470941884	7.809683354248885e-05	7.135817693287386e-05	0.000134969093336961
1906.8136272545091	6.014173957744603e-05	5.5001982355659e-05	0.00010189731233519417
1945.8917835671343	4.686765822331355e-05	4.291069789075294e-05	7.784924283845665e-05
1984.9699398797597	3.6977977080103995e-05	3.390064109440962e-05	6.0226311821955513e-05
2024.048096192385	2.9547689422738838e-05	2.7128677622152277e-05	4.719981531673789e-05
2063.12625250501	2.391560150039282e-05	2.1992839533134633e-05	3.7481228462010705e-05
2102.2044088176353	1.9607507517735585e-05	1.806175413901575e-05	3.0159999904986697e-05
2141.2825651302605	1.6281766499820848e-05	1.5024803089474693e-05	2.45898942249203e-05
2180.3607214428857	1.3690889009578526e-05	1.2657030495151842e-05	2.030974618160253e-05
2219.4388777555114	1.1654465629208385e-05	1.079446105085896e-05	1.6988344723521186e-05
2258.517034068136	1.0040083256211255e-05	9.316727656333595e-06	1.43861128204578e-05
2297.595190380762	8.749848102804208e-06	8.134817185810574e-06	1.232842643065001e-05
2336.673346693387	7.710839022233899e-06	7.182397223654235e-06	1.0686983093906462e-05
2375.751503006012	6.868317280704681e-06	6.409650498855245e-06	9.366737894661538e-06
2414.8296593186374	6.18087317434662e-06	5.778869410450126e-06	8.296696593675271e-06
2453.9078156312626	5.616937776953826e-06	5.261290102613856e-06	7.42338927429681e-06
2492.985971943888	5.152260732612797e-06	4.834803238513694e-06	6.706214529178844e-06
2532.064128256513	4.768074941355618e-06	4.4822879369010335e-06	6.114095494058403e-06
2571.1422845691386	4.449752269398437e-06	4.190391114141618e-06	5.623061111340941e-06
2610.220440881764	4.185812306782699e-06	3.948627079176689e-06	5.214483960417259e-06
2649.298597194389	3.967186524958282e-06	3.7487088391681023e-06	4.873787036544144e-06
2688.376753507014	3.786668370991517e-06	3.5840481397211585e-06	4.589487735554427e-06
2727.4549098196394	3.638499608157638e-06	3.449379190819027e-06	4.352485988253107e-06
2766.5330661322646	3.5180571469967753e-06	3.3404736590042033e-06	4.15553040513107e-06
2805.61122244489	3.421614479141291e-06	3.253923448844343e-06	3.992815120681677e-06
2844.6893787575154	3.346158852144007e-06	3.1869741631659597e-06	3.859673273229251e-06
2883.7675350701406	3.289250354135609e-06	3.137396690170181e-06	3.7523424316169533e-06
2922.845691382766	3.2489127006727833e-06	3.103387649556707e-06	3.667783956666665e-06
2961.923847695391	3.2235481426004134e-06	3.083491810680085e-06	3.6035430698036472e-06
3001.0020040080162	3.2118708300337466e-06	3.0765413334394136e-06	3.5576398515493664e-06
3040.0801603206414	3.2128543752082616e-06	3.0816079595916957e-06	3.528483896531982e-06
3079.1583166332666	3.2256903980816256e-06	3.097965227191473e-06	3.514807180281895e-06
3118.236472945892	3.2497556137951497e-06	3.1250584850058865e-06	3.515611036853199e-06
3157.314629258517	3.284585602008046e-06	3.1624810118171044e-06	3.530124139883875e-06
3196.3927855711427	3.329853835838139e-06	3.2099549438005617e-06	3.557769118804584e-06
3235.470941883768	3.385354879498301e-06	3.2673160149642957e-06	3.598135994976017e-06
3274.549098196393	3.450990915424517e-06	3.334501345122524e-06	3.650961038817171e-06
3313.6272545090183	3.5267609533468972e-06	3.4115396847643835e-06	3.7161099640935603e-06
3352.7054108216435	3.612752219844613e-06	3.498543659609045e-06	3.7935646153845306e-06
3391.7835671342687	3.7091333383818478e-06	3.5957036594689128e-06	3.883412488300781e-06
3430.861723446894	3.816148994846416e-06	3.7032830937545053e-06	3.985838563228322e-06
3469.9398797595195	3.934115848542303e-06	3.821614795273193e-06	4.101119042557074e-06
3509.0180360721447	4.063419498220763e-06	3.951098399296975e-06	4.2296166661851904e-06
3548.09619238477	4.204512350802913e-06	4.09219855959062e-06	4.371777346316901e-06
3587.174348697395	4.357912269777732e-06	4.2454438897966e-06	4.528127914503891e-06
3626.2525050100203	4.5242019030015175e-06	4.4114265392529575e-06	4.699274814780089e-06
3665.3306613226455	4.704028607445941e-06	4.590802328470672e-06	4.885903609076757e-06
3704.4088176352707	4.898104902513922e-06	4.78429138224801e-06	5.088779186770967e-06
3743.486973947896	5.1072093948196644e-06	4.9926792085801215e-06	5.308746590656685e-06
3782.565130260521	5.332188126447392e-06	5.216818179752358e-06	5.546732387951452e-06
3821.6432865731467	5.573956306162717e-06	5.457629378730482e-06	5.803746528021776e-06
3860.721442885772	5.833500389219e-06	5.716104779512639e-06	6.080884638994572e-06
3899.799599198397	6.11188047651198e-06	5.993309734717826e-06	6.37933072384618e-06
3938.8777555110223	6.41023300812041e-06	6.290385747538191e-06	6.7003602233274905e-06
3977.9559118236475	6.729773729845582e-06	6.6085535084008745e-06	7.045343418520559e-06
4017.0340681362727	7.071800914335608e-06	6.949116179374013e-06	7.4157491501800705e-06
4056.112224448898	7.437698820884612e-06	7.313462911584757e-06	7.813148835493556e-06
4095.1903807615236	7.828941380023171e-06	7.703072582760063e-06	8.239220765659809e-06
4134.268537074149	8.247096090715963e-06	8.119517743502814e-06	8.695754669862816e-06
4173.346693386774	8.693828119310008e-06	8.564468762121626e-06	9.184656532912693e-06
4212.424849699399	9.170904590473588e-06	9.039698158778871e-06	9.707953655118758e-06
4251.503006012024	9.680199061151828e-06	9.547085120440744e-06	1.0267799943922116e-05
4290.58116232465	1.0223696169207736e-05	1.008862018863758e-05	1.0866481427499027e-05
4329.659318637275	1.080349644881528e-05	1.0666410112392713e-05	1.1506421981001645e-05
4368.7374749498995	1.14218213049494e-05	1.1282682858881737e-05	1.2190189256360675e-05
4407.815631262525	1.2081018139430938e-05	1.1939792774459815e-05	1.2920500806675437e-05
4446.893787575151	1.2783565620998629e-05	1.2640225888659668e-05	1.3700230396177149e-05
4485.971943887776	1.3532079091796214e-05	1.3386605353637836e-05	1.4532414486602003e-05
4525.050100200401	1.4329316102467445e-05	1.4181697011337956e-05	1.5420258890564878e-05
4564.128256513026	1.517818206782573e-05	1.5028415080373614e-05	1.6367145582201477e-05
4603.206412825652	1.608173603475031e-05	1.5929827954304366e-05	1.7376639654961242e-05
4642.284569138277	1.7043196553617386e-05	1.6889164102615242e-05	1.8452496415995565e-05
4681.362725450902	1.8065947644183645e-05	1.7909818065306926e-05	1.9598668606106482e-05
4720.440881763528	1.9153544846432454e-05	1.899535653157679e-05	2.0819313733717003e-05
4759.519038076152	2.0309721346455866e-05	2.0149524492631197e-05	2.21188015107932e-05
4798.597194388778	2.1538394166998015e-05	2.1376251458210296e-05	2.3501721378105804e-05
4837.675350701403	2.2843670411837506e-05	2.2679657725951974e-05	2.4972890106674027e-05
4876.753507014028	2.4229853552739635e-05	2.4064060692262253e-05	2.6537359461686457e-05
4915.831663326654	2.570144974725943e-05	2.5533981192911087e-05	2.820042391465404e-05
4954.909819639279	2.7263174175231156e-05	2.709414986112994e-05	2.9967628389025364e-05
4993.987975951904	2.8919957381369964e-05	2.8749513490568356e-05	3.1844776023984915e-05
5033.066132264529	3.06769516110264e-05	3.0505241390058953e-05	3.3837935940669166e-05
5072.144288577155	3.253953712570807e-05	3.236673171676158e-05	3.5953450994579335e-05
5111.22244488978	3.451332848466146e-05	3.433961777390161e-05	3.81979454975384e-05
5150.300601202405	3.6604180778502415e-05	3.642977425899106e-05	4.057833289215212e-05
5189.378757515031	3.881819580050559e-05	3.86433234481278e-05	4.3101823361373946e-05
5228.456913827656	4.11617281410133e-05	4.098664130170709e-05	4.577593135546203e-05
5267.535070140281	4.364139119009211e-05	4.346636347665218e-05	4.8608483018346646e-05
5306.613226452906	4.626406303343588e-05	4.60893912300844e-05	5.160762349519179e-05
5345.691382765532	4.9036892226355314e-05	4.886289719920359e-05	5.47818241027662e-05
5384.769539078156	5.19673034305377e-05	5.179433104203138e-05	5.81398893440891e-05
5423.847695390782	5.506300289823553e-05	5.4891424923609035e-05	6.169096374875096e-05
5462.925851703407	5.833198378848658e-05	5.8162198832195164e-05	6.544453852024967e-05
5502.0040080160325	6.178253129992906e-05	6.161496571003566e-05	6.941045797171823e-05
5541.082164328658	6.542322760491561e-05	6.525833638330007e-05	7.359892573145561e-05
5580.160320641283	6.926295656959056e-05	6.910122427589519e-05	7.802051069980135e-05
5619.2384769539085	7.331090824484296e-05	7.31528498919646e-05	8.268615273903229e-05
5658.316633266533	7.757658311306348e-05	7.742274505206989e-05	8.760716807816493e-05
5697.394789579159	8.206979607597978e-05	8.192075686823314e-05	9.279525441479119e-05
5736.472945891784	8.680068016894688e-05	8.665705144326517e-05	9.826249569634679e-05
5775.551102204409	9.17796899874145e-05	9.164211728007655e-05	0.00010402136656355609
5814.629258517034	9.701760481154074e-05	9.688676838696267e-05	0.00011008473643912902
5853.70741482966	0.00010252553141534353	0.00010240214706520363	0.00011646587324520902
5892.785571142285	0.00010831490654693776	0.00010819972636567934	0.00012317844673347627
5931.86372745491	0.0001143974990671075	0.00011429131220158202	0.00013023653141228217
5970.941883767536	0.00012078541173356482	0.00012068904510478203	0.00013765460905566717
6010.0200400801605	0.00012749108261889773	0.00012740540161375888	0.000145447570779629
6049.098196392786	0.0001345272861505806	0.00013445319528160014	0.00015363071867153825
6088.176352705411	0.00014190713376197901	0.00014184557729296634	0.00016221976695915077
6127.2545090180365	0.00014964407414378166	0.00014959603667950898	0.00017123084270624165
6166.332665330662	0.0001577518930856725	0.00015771840012373706	0.00018068048602245718
6205.410821643287	0.0001662447128989674	0.00016622683134191025	0.00019058564977560822
6244.488977955913	0.00017513699141117248	0.00017513583003711953	0.00020096369879522472
6283.567134268537	0.000184443520524177	0.00018446023041430743	0.0002118324085568129
6322.645290581163	0.00019417942432843824	0.00019421519924965385	0.00022320996333692237
6361.723446893788	0.00020436015676617093	0.00020441623350734417	0.00023511495382975753
6400.801603206413	0.00021500149883701137	0.0002150791574974555	0.0002475663742167206
6439.879759519039	0.00022611955534074365	0.00022622011956938414	0.0002605836186809979
6478.957915831664	0.00023773075115196104	0.00023785558833593342	0.00027418647735991217
6518.036072144289	0.00024985182702242113	0.00025000234842395433	0.00028839513172853253
6557.114228456914	0.00026249983490786574	0.0002626774957481954	0.0003032301494087078
6596.19238476954	0.0002756921328163612	0.00027589843230581013	0.00031871247839844555
6635.2705410821645	0.00028944637917668984	0.0002896828604897935	0.0003348634407172895
6674.34869739479	0.0003037805267255706	0.00030404877692051573	0.0003517047254641588
6713.426853707415	0.00031871281591357327	0.00031901446579536116	0.00036925838128488227
6752.505010020041	0.0003342617678309735	0.0003345984917574593	0.0003875468082475135
6791.583166332666	0.00035044617665503443	0.00035081969228542174	0.00040659274912437375
6830.661322645291	0.00036728510162140803	0.0003676971696070219	0.0004264192800806655
6869.739478957917	0.00038479785852404405	0.00038525028214079316	0.0004470498007704359
6908.817635270541	0.0004030040107479864	0.00040349863547059527	0.0004685080238416848
6947.895791583167	0.00042192335984137853	0.00042246207285933393	0.0004908179638533936
6986.973947895792	0.00044157593563400076	0.00044216066530916	0.0005140039256083726
7026.052104208417	0.00046198198591029105	0.0004626147011767319	0.0005380904919069625
7065.130260521042	0.00048316196564725423	0.0004838446753532936	0.000563102510727772
7104.208416833668	0.0005051365258274059	0.0005058712780206849	0.000589065081842942
7143.286573146293	0.0005279265018396636	0.000528715382995695	0.0006160035428767298
7182.364729458918	0.0005515529014815378	0.0005523980356765149	0.0006439434548175146
7221.442885771544	0.0005760368925775701	0.0005769404406064879	0.0006729105869949017
7260.521042084169	0.0006013997902308137	0.0006023639486717337	0.000702930901534944
7299.599198396794	0.0006276630437248321	0.0006286900439507458	0.0007340305373082334
7338.677354709419	0.0006548482230960939	0.000655940330235449	0.0007662357933870873
7377.755511022045	0.00068297700539727	0.0006841365172447823	0.0007995731120298946
7416.83366733467	0.0007120711606738939	0.0007133004065533402	0.0008340690612123051
7455.911823647295	0.0007421525376785606	0.0007434538772590928	0.0008697503167268542
7494.989979959921	0.000773243049347629	0.0007746188714157512	0.0009066436438743905
7534.068136272545	0.0008053646580678836	0.0008068173792568072	0.0009447758787726184
7573.146292585171	0.0008385393607606722	0.0008400714242397497	0.0009841739093089516
7612.224448897796	0.0008727891738147075	0.0008744030479403855	0.0010248646557668528
7651.3026052104215	0.0009081361178966474	0.0009098342948286648	0.001066875051156876
7690.380761523047	0.0009446022026747134	0.0009463871969585828	0.00111023202128542
7729.458917835672	0.0009822094114865423	0.0009840837586062435	0.001154962464596417
7768.5370741482975	0.0010209796859882055	0.0010229459408911655	0.0012010932318229992
7807.615230460922	0.001060934910819483	0.0010629956464171815	0.0012486511054881234
7846.693386773548	0.0011020968983233544	0.0011042547039702315	0.0012976627792951516
7885.771543086173	0.0011444873733576794	0.0011467448533113054	0.0013481548374510615
7924.849699398798	0.0011881279582370763	0.0011904877301035452	0.0014001537339669021
7963.927855711423	0.0012330401578463637	0.0012355048510132615	0.0014536857719816571
8003.006012024049	0.0012792453449644808	0.0012818175990251034	0.0015087770831574234
8042.084168336674	0.0013267647458395154	0.0013294472090119244	0.0015654536071950725
8081.162324649299	0.0013756194260564362	0.0013784147536003103	0.0016237410715212227
8120.240480961925	0.0014258302767375006	0.0014287411293725538	0.0016836649711982148
8159.3186372745495	0.0014774180011163072	0.0014804470434458391	0.0017452505491100422
8198.396793587175	0.0015304031015268493	0.001533553000469198	0.0018085227764780604
8237.474949899799	0.0015848058668456583	0.0015880792900779892	0.0018735063337607693
8276.553106212425	0.0016406463604283488	0.0016440459748453856	0.0019402255919927624
8315.63126252505	0.0016979444085775473	0.0017014728787689696	0.0020087045946177865
8354.709418837676	0.0017567195895798482	0.0017603795763299658	0.0020789670398713438
8393.787575150302	0.0018169912233486438	0.0018207853821608836	0.0021510362637676334
8432.865731462927	0.0018787783617059334	0.001882709341356178	0.002224935223745532
8471.943887775553	0.0019420997793375995	0.00194617022045862	0.002300686483027255
8511.022044088177	0.0020069739654514827	0.002011186499152428	0.0023783121957427792
8550.100200400802	0.0020734191161689204	0.0020777763626918994	0.0024578340928715107
8589.178356713426	0.0021414531276754585	0.002145957695092131	0.00253927346905131
8628.256513026052	0.0022110935901551447	0.0022157480731061544	0.002622651170303449
8667.334669338677	0.002282357782529947	0.0022871647610099026	0.0027079875827195634
8706.412825651303	0.0023552626680250007	0.002360224706214003	0.002795302622154881
8745.490981963929	0.002429824890573107	0.002434944535718382	0.0028846157249691495
8784.569138276554	0.0025060607720734872	0.0025113405534225633	0.0029759458398539306
8823.647294589178	0.0025839863105159024	0.002589428738301809	0.0030693114207820038
8862.725450901804	0.0026636171789733098	0.0026692247434555627	0.003164730421111387
8901.80360721443	0.0027449687254713483	0.0027507438960317834	0.003262220288872623
8940.881763527055	0.0028280559737312648	0.0028340011980272552	0.003361797963265013
8979.95991983968	0.0029128936247855065	0.0029190113279606395	0.0034634798723829365
9019.038076152305	0.0029994960594586415	0.0030057886434115525	0.0035672819321897233
9058.11623246493	0.0030878773417037284	0.0030943471844158293	0.003673219546752476
9097.194388777556	0.003178051222781534	0.0031847006777033188	0.003781307609746675
9136.272545090182	0.0032700311462653107	0.0032768625417617203	0.003891560507235208
9175.350701402805	0.0033638302538529434	0.0033708458927063467	0.00400399212172211
9214.428857715431	0.003459461391960408	0.0034666635509326277	0.004118615837476597
9253.507014028057	0.003556937119074716	0.0035643280485250168	0.0042354445471185
9292.585170340682	0.0036562697138333012	0.003663851637393003	0.004354490659451967
9331.663326653308	0.003757471183799577	0.003765246298102016	0.0044757661085293304
9370.741482965932	0.0038605532749002064	0.0038685237493643783	0.004599282363923165
9409.819639278558	0.003965527481487344	0.003973695458152587	0.004725050442179689
9448.897795591183	0.0040724050569832405	0.004080772650395193	0.004853080919422689
9487.975951903809	0.004181197025068274	0.004189766322213141	0.00498338394507323
9527.054108216433	0.004291914191367251	0.0043006872516521385	0.005115969256645786
9566.132264529058	0.004404567155587266	0.0044135460108652835	0.005250846195578476
9605.210420841684	0.00451916632406184	0.004528352978698058	0.0053880237240507
9644.28857715431	0.0046357219226487705	0.004645118353626844	0.005527510442738716
9683.366733466935	0.004754244009936751	0.0047638521670003015	0.005669314609456099
9722.44488977956	0.004874742490702238	0.004884564296532704	0.005813444158623341
9761.523046092185	0.00499722712957299	0.005007264479996884	0.005959906721508108
9800.60120240481	0.005121707564838811	0.005131962329064244	0.006108709647175341
9839.679358717436	0.005248193322360729	0.005258667343239125	0.006259860024084233
9878.757515030062	0.005376693829522866	0.005387388923833993	0.006413364702267356
9917.835671342686	0.00550721842917768	0.005518136387933109	0.006569230316025695
9956.913827655311	0.005639776393526919	0.0056509189822914795	0.006727463307071935
9995.991983967937	0.0057743769378917386	0.00578574589711722	0.006888069948053997
10035.070140280563	0.005911029234315174	0.005922626279685849	0.007051056366389199
10074.148296593186	0.006049742424950472	0.006061569247735769	0.007216428568340351
10113.226452905812	0.006190525635184336	0.006202583902595429	0.0073841924632639605
10152.304609218438	0.006333387986443755	0.0063456793419939695	0.0075543538879614056
10191.382765531063	0.006478338608646062	0.00649086467250783	0.007726918631064965
10230.460921843689	0.006625386652238394	0.006638149021598375	0.007901892457390236
10269.539078156313	0.006774541299790918	0.006787541549196114	0.008079281132188624
10308.617234468938	0.006925811777091719	0.006939051458789435	0.008259090445234417
10347.695390781564	0.007079207363714674	0.007092688007977394	0.00844132623468206
10386.77354709419	0.0072347374030093965	0.007248460518448078	0.008625994410632078
10425.851703406814	0.007392411311486824	0.007406378385345821	0.008813100978344627
10464.92985971944	0.007552238587561701	0.0075664510859929255	0.009002652061042964
10504.008016032065	0.007714228819611295	0.007728688187933263	0.009194653922250688
10543.08617234469	0.00787839169334216	0.007893099356267416	0.009389112987609003
10582.164328657316	0.008044736998406741	0.008059694360251331	0.009586035866123518
10621.24248496994	0.00821327463427163	0.008228483079132194	0.009785429370791425
10660.320641282566	0.008384014615292418	0.008399475507197773	0.009987300538563993
10699.398797595191	0.008556967074987765	0.008572681758017566	0.010191656649601267
10738.476953907817	0.008732142269482263	0.008748112067855933	0.010398505245778742
10777.55511022044	0.008909550580109638	0.008925776798240056	0.01060785414840909
10816.633266533066	0.009089202515153789	0.009105686437667182	0.010819711475144614
10855.711422845692	0.009271108710717459	0.009287851602437648	0.011034085656028762
10894.789579158318	0.009455279930707595	0.009472283036602892	0.011250985448668472
10933.867735470943	0.009641727065925278	0.009658991611018582	0.011470419952501747
10972.945891783567	0.009830461132256904	0.009847988321495875	0.01169239862213709
11012.024048096193	0.010021493267954637	0.010039284286044841	0.01191693127974538
11051.102204408819	0.010214834730011026	0.01023289074120681	0.012144028126486352
11090.180360721444	0.010410496889614018	0.010428819037472982	0.01237369975295474
11129.258517034068	0.010608491226697797	0.010627080633789665	0.012605957148634488
11168.336673346694	0.010808829323570728	0.01082768709115093	0.012840811710350243
11207.41482965932	0.01101152285764256	0.011030650065281618	0.013078275249709578
11246.492985971945	0.011216583593241814	0.011235981298415295	0.013318359999529739
11285.57114228457	0.011424023372536247	0.011443692610172553	0.013561078619246611
11324.649298597195	0.011633854105557125	0.011653795887547166	0.013806444199303962
11363.72745490982	0.011846087759341898	0.011866303074008116	0.014054470264524053
11402.805611222446	0.012060736346205388	0.012081226157727717	0.014305170776462022
11441.883767535071	0.012277811911140395	0.01229857715894628	0.014558560134747994
11480.961923847697	0.012497326518369791	0.012518368116485481	0.014814653177422095
11520.040080160321	0.012719292237063855	0.012740611073424193	0.015073465180270437
11559.118236472947	0.012943721126225076	0.012965318061949848	0.01533501185516855
11598.196392785572	0.01317062521877066	0.013192501087401708	0.01559930934744308
11637.274549098198	0.01340001650481905	0.013422172111521644	0.015866374232261074
11676.352705410822	0.01363190691419967	0.01365434303492995	0.016136223510058632
11715.430861723447	0.013866308298205635	0.013889025678843992	0.0164088746010203
11754.509018036073	0.014103232410607942	0.014126231766058883	0.016684345338622533
11793.587174348699	0.014342690887947802	0.014365972901210305	0.016962653962253743
11832.665330661324	0.014584695229135435	0.01460826055033971	0.017243819108925234
11871.743486973948	0.014829256774366667	0.014853106019784047	0.017527859804086585
11910.821643286574	0.015076386683384924	0.015100520434412287	0.01781479545156024
11949.8997995992	0.01532609591312025	0.015350514715231642	0.018104645822609212
11988.977955911825	0.015578395194707894	0.015603099556388307	0.018397431044153686
12028.056112224449	0.015833295009933846	0.015858285401587274	0.01869317158614992
12067.134268537075	0.016090805567123036	0.016116082419956924	0.018991888248147546
12106.2124248497	0.016350936776491708	0.016376500481385222	0.01929360214503866
12145.290581162326	0.016613698225005212	0.016639549131354993	0.019598334692014555
12184.368737474952	0.016879099150749876	0.01690523756530657	0.019906107588743303
12223.446893787575	0.017147148416874123	0.017173574602557026	0.020216942802783754
12262.525050100201	0.017417854485103457	0.017444568659806148	0.02053086255224855
12301.603206412827	0.017691225388872054	0.01771822772425979	0.020847889287731167
12340.681362725452	0.01796726870611187	0.0179945593264036	0.02116804567350995
12379.759519038078	0.018245991531705585	0.01827357051245819	0.021491354568041916
12418.837675350702	0.0185274004496694	0.0185552678165514	0.021817839003760626
12457.915831663327	0.018811501505075403	0.01883965723264108	0.022147522166189024
12496.993987975953	0.019098300175761196	0.01912674418622458	0.022480427372380964
12536.072144288579	0.01938780134386052	0.019416533505871872	0.02281657804870296
12575.150300601203	0.01968000926719186	0.01970902939461941	0.023155997707967852
12614.228456913828	0.01997492755054565	0.02000423540126412	0.023498709925932133
12653.306613226454	0.02027255911690753	0.020302154391596137	0.023844738317167845
12692.38476953908	0.020572906178660144	0.020602788519612683	0.024194106510321195
12731.462925851705	0.02087597020880245	0.020906139198752716	0.024546838122766732
12770.541082164329	0.021181751912234092	0.021212207073197063	0.024902956734670505
12809.619238476955	0.021490251197140934	0.021520991989276088	0.025262485862470114
12848.69739478958	0.02180146714653801	0.02183249296703086	0.02562544893178409
12887.775551102206	0.02211539798999942	0.02214670817197256	0.025991869249760505
12926.85370741483	0.022432041075637284	0.022463634887087466	0.02636176997687461
12965.931863727455	0.02275139284237381	0.02278326948513449	0.026735174098187577
13005.010020040081	0.023073448792537796	0.02310560740128408	0.027112104394075034
13044.088176352707	0.02339820346486684	0.023430643106147488	0.027492583410437955
13083.166332665332	0.02372565040793431	0.02375837007924693	0.02787663342840564
13122.244488977956	0.024055782154074685	0.02408878078297679	0.028264276433542655
13161.322645290582	0.024388590193835755	0.024421866637108332	0.028655534084571166
13200.400801603208	0.024724064951040965	0.024757617993889158	0.02905042768162044
13239.478957915833	0.025062195758484423	0.025096024113791002	0.02944897813401545
13278.557114228457	0.025402970834327764	0.025437073141958748	0.029851205927618578
13317.635270541083	0.0257463772592499	0.025780752085414492	0.030257131091736524
13356.713426853708	0.02609240095440089	0.0261270467910703	0.0306667731656069
13395.791583166334	0.026441026660228448	0.026475941924604802	0.03108015116447898
13434.86973947896	0.026792237916195293	0.026827420950256604	0.03149728354530403
13473.947895791584	0.027146017041496658	0.027181466111590655	0.03191818817205121
13513.02605210421	0.027502345116769838	0.027538058413290465	0.03234288228066612
13552.104208416835	0.027861201966911095	0.027897177604030675	0.032771382443689136
13591.18236472946	0.028222566145003472	0.028258802160483897	0.033203704534553284
13630.260521042084	0.02858641491744121	0.028622909272515425	0.033639863691580604
13669.33867735471	0.028952724250288418	0.02898947482961695	0.03407987428169805
13708.416833667336	0.029321468796923742	0.029358473408633595	0.03452374986389483
13747.494989979961	0.029692621887041134	0.029729878262832538	0.03497150315244435
13786.573146292587	0.030066155517013637	0.030103661312365002	0.03542314597991435
13825.65130260521	0.030442040341730373	0.03047979313616945	0.035878689259991936
13864.729458917836	0.030820245667897542	0.030858242965363703	0.03633814295014894
13903.807615230462	0.031200739448872243	0.031238978678170645	0.03680151601417661
13942.885771543088	0.031583488281094044	0.03162196679642285	0.0372688163846191
13981.963927855713	0.0319684574021125	0.032007172483686924	0.03774005092513545
14021.042084168337	0.03235561069028579	0.032394559545048496	0.03821522539282473
14060.120240480963	0.03274491066616913	0.03278409042859491	0.03869434440054528
14099.198396793588	0.03313631849564934	0.03317572622863137	0.039177411379265795
14138.276553106214	0.03352979399483264	0.03356942669066283	0.039664428540483215
14177.354709418838	0.033925295636728824	0.03396515021817212	0.04015539683874656
14216.432865731464	0.03432278055976722	0.03436285388122105	0.04065031593432729
14255.51102204409	0.03472220457815026	0.03476249342689848	0.04114918415607537
14294.589178356715	0.03512352219407979	0.03516402329163605	0.04165199846450595
14333.66733466934	0.035526686611874164	0.035567396615409266	0.042158754415160704
14372.745490981964	0.035931649753963395	0.03597256525783716	0.04266944612228869
14411.82364729459	0.03633836227883398	0.036379479816191634	0.04318406622289567
14450.901803607216	0.03674677360084192	0.03678808964532137	0.04370260584120986
14489.979959919841	0.03715683191199083	0.03719834287949421	0.0442250545536151
14529.058116232465	0.0375684842055913	0.037610186456155804	0.04475140035410288
14568.13627254509	0.037981676301853846	0.03802356614159795	0.045281629620296526
14607.214428857716	0.038396352875379666	0.03843842655852846	0.045815727080102904
14646.292585170342	0.038812457484538355	0.03885471121552606	0.0463536757790461
14685.370741482968	0.03922993260270557	0.03927236253836401	0.04689545704834152
14724.448897795592	0.03964871965137869	0.03969132190317723	0.04744105047376796
14763.527054108217	0.0400687590350672	0.040111529671446544	0.047990433865397815
14802.605210420843	0.04048999017801354	0.040532925226767894	0.048543583228243536
14841.683366733469	0.040912351562635535	0.04095544701337016	0.0491004727338857
14880.761523046094	0.04133578076969648	0.041379032576339576	0.0496610746931407
14919.839679358718	0.041760214520133086	0.0418036186035069	0.0502253595298327
14958.917835671344	0.04218558871850434	0.04222914096894613	0.05079329575573479
14997.99599198397	0.042611838497996546	0.04265553477803103	0.0513648499467396
15037.074148296595	0.043038898266931615	0.043082734413991366	0.05193998672032716
15076.152304609219	0.04346670175672101	0.043510673585905345	0.05251866871439388
15115.230460921844	0.04389518207119941	0.043939285378062715	0.053100856567504906
15154.30861723447	0.044324271737240094	0.044368502300625896	0.0536865089006372
15193.386773547096	0.0447539027566192	0.04479825634151693	0.054275582300477423
15232.464929859721	0.04518400665903814	0.04522847901945057	0.054868031304336366
15271.543086172345	0.04561451455617768	0.045659101438031716	0.05546380838674723
15310.621242484971	0.04604535719679155	0.04609005434083405	0.05606286394780666
15349.699398797597	0.04647646502264504	0.04652126816736896	0.05666514630332311
15388.777555110222	0.04690776822528737	0.04695267310985718	0.05727060167683282
15427.855711422846	0.04733919680354075	0.04738419917070661	0.05787917419354223
15466.933867735472	0.04777068062158692	0.04781577622060291	0.05849080587625645
15506.012024048097	0.04820214946758323	0.04824733405711294	0.05910543664334934
15545.090180360723	0.04863353311270073	0.04867880246370263	0.059723004308830534
15584.168336673349	0.04906476137046785	0.04911011126906653	0.06034344458456189
15623.246492985973	0.04949576415634265	0.04954119040666698	0.06096669108467389
15662.324649298598	0.04992647154738803	0.04997196997438018	0.061592675332231395
15701.402805611224	0.05035681384193672	0.05040238029414111	0.06222132676819143
15740.48096192385	0.05078672161920343	0.05083235197148727	0.06285257276269958
15779.559118236473	0.05121612579863743	0.05126181595489205	0.0634863386287615
15818.637274549099	0.05164495769900854	0.05169070359478512	0.06412254763832702
15857.715430861725	0.05207314909704918	0.05211894670215535	0.06476112104082135
15896.79358717435	0.05250063228559964	0.052546477606631406	0.06540197808414983
15935.871743486976	0.0529273401311379	0.052973229213939224	0.06604503603820551
15974.9498997996	0.05335320613055319	0.05339913506263472	0.06669021022089809
16014.028056112225	0.05377816446713897	0.05382412938001267	0.0673374140267236
16053.106212424851	0.05420215006566015	0.05424814713709304	0.06798655895788747
16092.184368737477	0.0546250986463812	0.054671124102592984	0.06863755465799004
16131.2625250501	0.05504694677801476	0.05509299689578854	0.06929030894827752
16170.340681362726	0.05546763192948601	0.05551370303817915	0.06994472786645983
16209.418837675352	0.05588709252036428	0.0559331810038659	0.07060071570808685
16248.496993987977	0.05630526796998201	0.05635137026856369	0.07125817507047588
16287.575150300603	0.05672209874509073	0.05676821135716339	0.07191700689917098
16326.653306613227	0.05713752640596925	0.05718364588977217	0.07257711053691619
16365.731462925853	0.057551493650996	0.057597616626156645	0.07323838377511425
16404.809619238476	0.05796394435948629	0.058010067508523055	0.07390072290774055
16443.887775551106	0.058374823632873184	0.058420943702570526	0.07456402278767463
16482.965931863728	0.05878407783405278	0.0588301916367564	0.07522817688540542
16522.044088176353	0.05919165462491247	0.05923775903972235	0.07589307735006497
16561.12224448898	0.05959750300197022	0.05964359497582855	0.07655861507273473
16600.200400801605	0.06000157333006197	0.060047649878750706	0.0772246797519658
16639.27855711423	0.06040381737407123	0.06044987558310319	0.07789115996144946
16678.356713426852	0.060804188328638556	0.06085022535404718	0.07855794321976742
16717.43486973948	0.06120264084582209	0.06124865391485898	0.07922491606214789
16756.513026052104	0.06159913106069989	0.06164511747242775	0.07989196411414372
16795.591182364733	0.06199361661488105	0.062039573740667486	0.0805589721671529
16834.669338677355	0.062386056677903	0.06243198196182204	0.08122582425568471
16873.74749498998	0.06277641196652914	0.0628223029256568	0.08189240373628083
16912.825651302606	0.0631646447619012	0.0632104989865294	0.08255859336798915
16951.903807615232	0.06355071892459262	0.06359653407833744	0.08322427539428695
16990.981963927858	0.06393459990752944	0.06398037372734844	0.08388933162634417
17030.060120240483	0.06431625476678975	0.06436198506292001	0.08455364352751316
17069.13827655311	0.06469565217033445	0.06474133682612151	0.08521709229893075
17108.216432865735	0.06507276240461299	0.0651183993762761	0.08587955896611013
17147.294589178357	0.06544755737914273	0.06549314469544334	0.08654092446639998
17186.372745490982	0.06582001062903683	0.06586554639086839	0.08720106973718492
17225.450901803608	0.06619009731552998	0.0662355796954252	0.08785987580469529
17264.529058116234	0.06655779422452579	0.06660322146609111	0.08851722387329997
17303.60721442886	0.06692307976320891	0.06696845018048415	0.0891729954151419
17342.685370741485	0.06728593395476008	0.06733124593150677	0.08982707225998715
17381.76352705411	0.06764633843121387	0.06769159042013749	0.09047933668514417
17420.841683366736	0.06800427642451894	0.06804946694641764	0.09112967150532118
17459.91983967936	0.0683597327558216	0.06840486039868149	0.09177796016227968
17498.997995991984	0.06871269382304555	0.06875775724108114	0.09242408681414355
17538.07615230461	0.06906314758684536	0.0691081454994611	0.0930679364242296
17577.154308617235	0.06941108355490824	0.06945601474563695	0.09370939484925522
17616.23246492986	0.06975649276478131	0.06980135608013918	0.09434834892678899
17655.310621242486	0.0700993677651375	0.0701441621134765	0.0949846865618047
17694.388777555112	0.07043970259571547	0.07048442694598733	0.09561829681220549
17733.466933867738	0.07077749276583749	0.07082214614633457	0.09624906997318333
17772.545090180363	0.07111273523164165	0.0711573167287127	0.0968768976602807
17811.62324649299	0.07144542837211638	0.07148993712882896	0.09750167289102941
17850.70140280561	0.0717755719639481	0.07182000717872483	0.09812329016503689
17889.779559118237	0.07210316715526743	0.0721475280805037	0.09874164554239875
17928.857715430862	0.07242821643839245	0.07247250237903022	0.09935663672031726
17967.935871743488	0.07275072362156162	0.07279493393366675	0.09996816310781101
18007.014028056114	0.07307069379982743	0.0731148278891166	0.10057612589840519
18046.09218436874	0.07338813332507291	0.07343219064543455	0.10118042814069228
18085.170340681365	0.07370304977524322	0.07374702982727466	0.1017809748066643
18124.24849699399	0.07401545192296594	0.07405935425243845	0.1023776728577181
18163.326653306616	0.07432534970341209	0.07436917389978687	0.10297043130823992
18202.40480961924	0.07463275418168945	0.07467649987658151	0.10355916128668476
18241.482965931864	0.07493767751964403	0.07498134438531628	0.10414377609406843
18280.56112224449	0.07524013294226953	0.07528372069010075	0.10472419125979492
18319.639278557115	0.0755401347036964	0.07558364308265587	0.10530032459475429
18358.71743486974	0.07583769805283698	0.07588112684797982	0.10587209624162054
18397.795591182366	0.07613283919882087	0.07617618822974474	0.10643942872230047
18436.873747494992	0.07642557527610862	0.07646884439547406	0.10700224698247422
18475.951903807618	0.07671592430955465	0.07675911340156129	0.10756047843318828
18515.030060120243	0.07700390517927007	0.07704701415817898	0.10811405298946174
18554.108216432865	0.07728953758548504	0.07733256639413057	0.10866290310587197
18593.18637274549	0.07757284201336535	0.0776157906216923	0.10920696380909493
18632.264529058117	0.07785383969788366	0.07789670810149572	0.10974617272738288
18671.342685370742	0.07813255258877333	0.07817534080749283	0.1102804701169641
18710.420841683368	0.07840900331558728	0.0784517113920508	0.1108097988853599
18749.498997995994	0.07868321515297677	0.07872584315121425	0.11133410461161944
18788.57715430862	0.07895521198610742	0.07899775999017926	0.11185333556347513
18827.655310621245	0.07922501827637936	0.07926748638901199	0.11236744271143616
18866.73346693387	0.07949265902740558	0.0795350473686524	0.11287637973983268
18905.811623246493	0.0797581597513084	0.07980046845723375	0.11338010305483846
18944.88977955912	0.08002154643535665	0.0800637756567509	0.1138785717894987
18983.967935871744	0.08028284550900719	0.08032499541010792	0.11437174780580124
19023.04609218437	0.08054208381131145	0.08058415456857239	0.11485959569382831
19062.124248496995	0.08079928855879949	0.0808412803596626	0.11534208276803501
19101.20240480962	0.08105448731378667	0.0810964003554928	0.11581917906070652
19140.280561122247	0.08130770795317402	0.08134954244159741	0.11629085731264581
19179.358717434872	0.08155897863774851	0.08160073478625686	0.11675709296115325
19218.436873747498	0.08180832778201134	0.08185000581034259	0.11721786412536192
19257.515030060124	0.08205578402450703	0.0820973841576986	0.11767315158899207
19296.593186372746	0.0823013761987593	0.08234289866607437	0.11812293878060223
19335.67134268537	0.08254513330472385	0.08258657833862718	0.11856721175140383
19374.749498997997	0.08278708448085872	0.08282845231599807	0.1190059591507238
19413.827655310623	0.08302725897674092	0.08306854984898013	0.11943917219918912
19452.905811623248	0.08326568612632504	0.0833069002717848	0.11986684465972208
19491.983967935874	0.08350239532178017	0.08354353297591308	0.12028897280642695
19531.0621242485	0.08373741598795292	0.08377847738464106	0.12070555539145808
19570.140280561125	0.08397077755742859	0.08401176292812106	0.12111659360995754
19609.21843687375	0.08420250944625211	0.08424341901910665	0.12152209106315391
19648.296593186373	0.08443264103022907	0.0844734750292998	0.12192205371971132
19687.374749499	0.08466120162188906	0.08470196026632511	0.12231648987542612
19726.452905811624	0.0848882204480417	0.0849289039513302	0.12270541011136185
19765.53106212425	0.08511372662801622	0.08515433519720884	0.12308882725051583
19804.609218436875	0.08533774915242173	0.08537828298745266	0.12346675631311653
19843.6873747495	0.08556031686266066	0.08560077615561826	0.12383921447064013
19882.765531062127	0.08578145843093565	0.08582184336541676	0.12420622099864537
19921.843687374752	0.08600120234097373	0.08604151309141364	0.12456779722851909
19960.921843687378	0.08621957686928397	0.08625981360033833	0.12492396649822386
20000.0	0.08643661006704877	0.08647677293299548	0.12527475410214414
