2.69897000434	807.387737702
2.73165173438	664.839871327
2.76204527187	539.091378224
2.79045017088	386.68393991
2.8171107587	319.993344171
2.84222892917	295.919192804
2.86597343335	249.504789778
2.88848675905	206.527522053
2.90989031292	170.360150163
2.93028838443	141.426597973
2.94977121968	119.356355773
2.96841743493	103.131971062
2.9862959328	91.3717594427
3.00346743943	82.7838394033
3.01998574916	76.3962479628
3.03589874091	71.5508548284
3.05124921497	67.8191710248
3.06607558677	64.9246228499
3.08041246612	62.6887903235
3.09429114387	60.9973845617
3.10774000319	59.779155033
3.12078486897	58.9926682473
3.13344930637	58.6177479567
3.145754877	58.6496254858
3.15772135978	59.0946262551
3.16936694224	59.9667013179
3.18070838674	61.2844304376
3.19176117563	63.0683450705
3.20253963836	65.3385718097
3.21305706312	68.1128824044
3.22332579539	71.4052545495
3.23335732507	75.2250081415
3.2431623637	79.5765091345
3.25275091327	84.4593589621
3.26213232751	89.8689372172
3.27131536673	95.7971496086
3.280308247	102.233248039
3.28911868428	109.164622481
3.29775393425	116.577501889
3.30622082816	124.457534433
3.31452580533	132.790241453
3.32267494257	141.561354561
3.33067398088	150.757052718
3.33852834974	160.364118417
3.34624318927	170.370031258
3.35382337042	180.763014877
3.36127351344	191.532050316
3.3685980048	202.666866131
3.37580101269	214.157913068
3.38288650129	225.996329098
3.38985824384	238.173899001
3.39671983473	250.683011441
3.40347470063	263.516615568
3.41012611075	276.668178483
3.41667718635	290.131644433
3.42313090953	303.901396236
3.42949013138	317.972219212
3.43575757958	332.339267711
3.44193586535	346.998034241
3.44802749005	361.944321101
3.45403485124	377.174214403
3.45996024831	392.684060333
3.46580588783	408.470443484
3.47157388844	424.530167113
3.47726628544	440.860235148
3.48288503516	457.457835793
3.48843201897	474.320326604
3.49390904703	491.445220882
3.49931786189	508.830175275
3.50466014177	526.472978469
3.50993750373	544.371540866
3.51515150657	562.523885162
3.52030365363	580.928137731
3.52539539534	599.58252075
3.53042813173	618.485344979
3.53540321472	637.635003157
3.54032195026	657.029963943
3.54518560046	676.668766345
3.54999538547	696.550014612
3.55475248536	716.672373535
3.55945804182	737.034564113
3.56411315985	757.635359574
3.56871890929	778.473581693
3.57327632627	799.548097401
3.57778641468	820.857815649
3.58225014742	842.401684512
3.58666846773	864.178688506
3.59104229031	886.187846103
3.59537250253	908.428207429
3.59965996548	930.89885213
3.60390551496	953.598887385
3.60810996254	976.527446068
3.61227409642	999.68368503
3.61639868235	1023.06678351
3.62048446446	1046.67594163
3.62453216607	1070.51037906
3.62854249048	1094.56933367
3.63251612167	1118.85206035
3.63645372502	1143.35782989
3.64035594798	1168.08592792
3.64422342069	1193.03565393
3.64805675661	1218.20632037
3.6518565531	1243.59725173
3.65562339197	1269.20778379
3.65935784002	1295.03726286
3.66306044957	1321.08504501
3.66673175892	1347.3504955
3.67037229282	1373.83298805
3.67398256295	1400.53190433
3.67756306834	1427.44663338
3.68111429576	1454.57657108
3.68463672014	1481.92111967
3.68813080496	1509.47968729
3.69159700258	1537.25168754
3.69503575465	1565.23653907
3.69844749236	1593.43366521
3.70183263687	1621.84249359
3.70519159953	1650.46245578
3.70852478224	1679.292987
3.71183257771	1708.33352579
3.71511536973	1737.58351373
3.71837353348	1767.04239516
3.72160743573	1796.70961692
3.72481743514	1826.5846281
3.72800388247	1856.66687982
3.73116712081	1886.955825
3.7343074858	1917.45091816
3.73742530588	1948.15161521
3.74052090242	1979.05737326
3.74359459002	2010.16765046
3.7466466766	2041.48190582
3.74967746367	2072.99959903
3.75268724645	2104.72019037
3.75567631407	2136.64314048
3.75864494972	2168.76791029
3.76159343085	2201.09396085
3.76452202928	2233.62075323
3.76743101135	2266.34774839
3.77032063811	2299.27440707
3.77319116544	2332.40018968
3.77604284414	2365.7245562
3.77887592014	2399.2469661
3.78169063457	2432.96687819
3.7844872239	2466.88375063
3.78726592008	2500.99704074
3.79002695062	2535.30620501
3.79277053872	2569.81069895
3.79549690338	2604.50997707
3.79820625949	2639.40349279
3.80089881796	2674.49069838
3.80357478579	2709.77104489
3.80623436618	2745.24398208
3.80887775862	2780.90895839
3.81150515899	2816.76542087
3.81411675961	2852.81281514
3.81671274938	2889.05058531
3.8192933138	2925.47817396
3.82185863513	2962.09502208
3.82440889237	2998.90056905
3.82694426141	3035.89425256
3.82946491508	3073.07550861
3.83197102321	3110.44377146
3.83446275271	3147.99847356
3.83694026763	3185.73904556
3.83940372922	3223.66491628
3.84185329603	3261.77551263
3.84428912392	3300.07025962
3.84671136613	3338.54858032
3.84912017339	3377.20989586
3.8515156939	3416.05362533
3.85389807343	3455.07918584
3.85626745537	3494.28599244
3.85862398077	3533.67345813
3.86096778841	3573.24099381
3.86329901482	3612.9880083
3.86561779434	3652.91390825
3.86792425919	3693.01809821
3.87021853947	3733.29998054
3.87250076325	3773.75895543
3.87477105658	3814.39442088
3.87702954354	3855.20577266
3.87927634629	3896.19240433
3.88151158512	3937.3537072
3.88373537843	3978.68907033
3.88594784286	4020.19788052
3.88814909324	4061.87952227
3.89033924268	4103.73337782
3.89251840258	4145.75882707
3.89468668268	4187.95524765
3.89684419107	4230.32201483
3.89899103425	4272.85850158
3.90112731715	4315.56407851
3.90325314315	4358.43811388
3.90536861411	4401.47997361
3.90747383044	4444.68902125
3.90956889106	4488.06461797
3.91165389351	4531.60612257
3.91372893387	4575.31289146
3.91579410692	4619.18427868
3.91784950603	4663.21963584
3.9198952233	4707.41831219
3.9219313495	4751.77965454
3.92395797416	4796.30300732
3.92597518552	4840.98771251
3.92798307065	4885.83310971
3.92998171537	4930.83853609
3.93197120435	4976.00332637
3.93395162108	5021.32681288
3.93592304794	5066.8083255
3.93788556618	5112.44719168
3.93983925594	5158.24273643
3.94178419629	5204.19428234
3.94372046527	5250.30114954
3.94564813984	5296.56265576
3.94756729596	5342.97811624
3.94947800859	5389.54684382
3.9513803517	5436.26814887
3.95327439829	5483.14133934
3.95516022041	5530.16572071
3.95703788919	5577.34059605
3.95890747481	5624.66526596
3.96076904658	5672.13902861
3.9626226729	5719.76117973
3.96446842131	5767.53101261
3.96630635849	5815.44781807
3.96813655027	5863.51088454
3.96995906167	5911.71949797
3.97177395687	5960.07294189
3.97358129926	6008.57049739
3.97538115145	6057.21144313
3.97717357526	6105.99505533
3.97895863177	6154.92060778
3.98073638128	6203.98737185
3.98250688337	6253.19461647
3.98427019689	6302.54160816
3.98602637999	6352.027611
3.98777549009	6401.65188666
3.98951758395	6451.4136944
3.99125271762	6501.31229105
3.9929809465	6551.34693104
3.99470232533	6601.51686638
3.99641690819	6651.82134668
3.99812474853	6702.25961916
3.99982589918	6752.83092862
4.00152041234	6803.53451748
4.0032083396	6854.36962576
4.00488973197	6905.33549109
4.00656463983	6956.43134872
4.00823311302	7007.65643151
4.0098952008	7059.00996996
4.01155095184	7110.49119218
4.01320041429	7162.09932393
4.01484363573	7213.83358857
4.01648066322	7265.69320714
4.01811154326	7317.6773983
4.01973632186	7369.78537836
4.02135504451	7422.01636129
4.02296775617	7474.36955872
4.02457450133	7526.84417993
4.02617532398	7579.43943187
4.0277702676	7632.15451916
4.02935937523	7684.98864412
4.03094268943	7737.94100672
4.03252025226	7791.01080463
4.03409210538	7844.19723321
4.03565828996	7897.49948553
4.03721884674	7950.91675234
4.03877381603	8004.44822211
4.04032323767	8058.09308103
4.04186715114	8111.850513
4.04340559543	8165.71969965
4.04493860918	8219.69982034
4.04646623058	8273.79005215
4.04798849743	8327.98956992
4.04950544715	8382.29754624
4.05101711673	8436.71315144
4.05252354283	8491.23555363
4.05402476167	8545.86391866
4.05552080915	8600.59741016
4.05701172077	8655.43518956
4.05849753167	8710.37641606
4.05997827663	8765.42024663
4.06145399007	8820.56583607
4.06292470609	8875.81233697
4.0643904584	8931.15889972
4.06585128041	8986.60467256
4.06730720517	9042.14880152
4.0687582654	9097.79043047
4.0702044935	9153.52870113
4.07164592156	9209.36275304
4.07308258132	9265.29172363
4.07451450423	9321.31474814
4.07594172142	9377.43095971
4.07736426372	9433.63948934
4.07878216166	9489.93946592
4.08019544547	9546.3300162
4.08160414507	9602.81026486
4.08300829011	9659.37933445
4.08440790994	9716.03634544
4.08580303365	9772.78041624
4.08719369002	9829.61066314
4.08857990757	9886.52620039
4.08996171456	9943.52614017
4.09133913894	10000.6095926
4.09271220845	10057.7756658
4.09408095053	10115.0234658
4.09544539236	10172.3520966
4.09680556089	10229.7606601
4.0981614828	10287.2482565
4.09951318453	10344.8139836
4.10086069226	10402.4569374
4.10220403193	10460.1762119
4.10354322926	10517.9708992
4.10487830971	10575.8400892
4.10620929852	10633.78287
4.10753622068	10691.7983277
4.10885910098	10749.8855464
4.11017796396	10808.0436085
4.11149283395	10866.2715942
4.11280373505	10924.5685818
4.11411069115	10982.9336478
4.11541372592	11041.3658667
4.11671286283	11099.8643112
4.11800812512	11158.4280521
4.11929953583	11217.0561583
4.12058711782	11275.7476966
4.1218708937	11334.5017324
4.12315088592	11393.3173289
4.12442711672	11452.1935475
4.12569960813	11511.1294479
4.126968382	11570.1240879
4.12823346	11629.1765234
4.12949486359	11688.2858087
4.13075261405	11747.450996
4.13200673249	11806.6711361
4.13325723982	11865.9452777
4.13450415677	11925.2724678
4.13574750391	11984.6517518
4.13698730161	12044.0821731
4.13822357008	12103.5627736
4.13945632937	12163.0925934
4.14068559932	12222.6706707
4.14191139965	12282.2960423
4.14313374988	12341.967743
4.14435266938	12401.6848061
4.14556817736	12461.4462632
4.14678029285	12521.2511442
4.14798903473	12581.0984772
4.14919442175	12640.9872889
4.15039647247	12700.9166043
4.1515952053	12760.8854465
4.15279063851	12820.8928374
4.15398279022	12880.9377971
4.1551716784	12941.0193439
4.15635732085	13001.1364948
4.15753973527	13061.2882652
4.15871893917	13121.4736687
4.15989494994	13181.6917176
4.16106778483	13241.9414226
4.16223746095	13302.2217927
4.16340399526	13362.5318355
4.16456740461	13422.8705572
4.16572770568	13483.2369623
4.16688491504	13543.6300539
4.16803904912	13604.0488336
4.16919012423	13664.4923015
4.17033815654	13724.9594564
4.17148316209	13785.4492955
4.1726251568	13845.9608145
4.17376415646	13906.4930079
4.17490017675	13967.0448686
4.1760332332	14027.6153882
4.17716334125	14088.2035569
4.1782905162	14148.8083634
4.17941477322	14209.4287952
4.1805361274	14270.0638383
4.18165459369	14330.7124775
4.18277018691	14391.3736963
4.18388292179	14452.0464766
4.18499281295	14512.7297992
4.18609987488	14573.4226437
4.18720412197	14634.1239883
4.18830556849	14694.8328098
4.18940422861	14755.5480839
4.1905001164	14816.268785
4.19159324582	14876.9938864
4.19268363071	14937.72236
4.19377128482	14998.4531765
4.1948562218	15059.1853055
4.19593845518	15119.9177153
4.19701799841	15180.6493732
4.19809486483	15241.3792453
4.19916906768	15302.1062962
4.2002406201	15362.82949
4.20130953515	15423.5477891
4.20237582577	15484.2601551
4.20343950481	15544.9655484
4.20450058504	15605.6629283
4.20555907913	15666.3512532
4.20661499966	15727.0294803
4.20766835909	15787.6965656
4.20871916984	15848.3514645
4.20976744421	15908.9931309
4.2108131944	15969.620518
4.21185643254	16030.2325779
4.21289717069	16090.8282618
4.21393542078	16151.4065198
4.21497119469	16211.9663013
4.21600450419	16272.5065544
4.217035361	16333.0262266
4.21806377672	16393.5242643
4.21908976289	16453.9996131
4.22011333096	16514.4512177
4.2211344923	16574.8780219
4.22215325821	16635.2789686
4.22316963989	16695.653
4.22418364848	16755.9990573
4.22519529503	16816.3160811
4.22620459053	16876.6030111
4.22721154588	16936.8587861
4.22821617189	16997.0823442
4.22921847934	17057.2726229
4.23021847888	17117.4285588
4.23121618113	17177.5490877
4.23221159662	17237.633145
4.2332047358	17297.679665
4.23419560906	17357.6875816
4.23518422673	17417.655828
4.23617059903	17477.5833367
4.23715473616	17537.4690394
4.23813664822	17597.3118675
4.23911634524	17657.1107515
4.2400938372	17716.8646216
4.241069134	17776.5724071
4.24204224548	17836.233037
4.24301318141	17895.8454395
4.2439819515	17955.4085426
4.24494856539	18014.9212735
4.24591303264	18074.382559
4.24687536279	18133.7913254
4.24783556527	18193.1464985
4.24879364948	18252.4470038
4.24974962474	18311.6917661
4.25070350031	18370.87971
4.2516552854	18430.0097596
4.25260498915	18489.0808386
4.25355262064	18548.0918704
4.25449818891	18607.0417779
4.2554417029	18665.9294838
4.25638317153	18724.7539104
4.25732260365	18783.5139796
4.25826000805	18842.2086133
4.25919539346	18900.8367327
4.26012876856	18959.397259
4.26106014198	19017.8891133
4.26198952228	19076.311216
4.26291691797	19134.6624878
4.26384233752	19192.9418489
4.26476578932	19251.1482193
4.26568728172	19309.280519
4.26660682303	19367.3376677
4.26752442149	19425.3185852
4.26844008528	19483.2221908
4.26935382256	19541.0474042
4.27026564141	19598.7931445
4.27117554987	19656.4583312
4.27208355592	19714.0418835
4.27298966751	19771.5427205
4.27389389253	19828.9597615
4.27479623881	19886.2919257
4.27569671415	19943.5381323
4.27659532629	20000.6973006
4.27749208291	20057.76835
4.27838699168	20114.7501998
4.27928006019	20171.6417696
4.28017129599	20228.441979
4.28106070658	20285.1497476
4.28194829944	20341.7639956
4.28283408197	20398.2836428
4.28371806155	20454.7076095
4.28460024549	20511.0348161
4.28548064108	20567.2641834
4.28635925556	20623.3946323
4.28723609611	20679.4250837
4.28811116989	20735.3544594
4.288984484	20791.1816808
4.2898560455	20846.9056701
4.29072586142	20902.5253495
4.29159393873	20958.039642
4.29246028437	21013.4474704
4.29332490523	21068.7477582
4.29418780817	21123.9394294
4.29504900001	21179.0214081
4.2959084875	21233.9926192
4.29676627739	21288.8519877
4.29762237637	21343.5984394
4.29847679109	21398.2309004
4.29932952817	21452.7482974
4.30018059418	21507.1495577
4.30102999566	21561.4336088
