500.0	3.198332670841739e-35	1.2093350385577872e-41	9.537907802003897e-42
539.0781563126252	3.7719091085955506e-39	3.128408982269358e-44	2.5896783728274627e-44
578.1563126252505	1.1040522097175939e-41	6.5333955658739746e-46	5.6462803799675775e-46
617.2344689378758	2.2946222795575152e-43	5.452018911593407e-47	4.886390536247684e-47
656.312625250501	1.8170267130826618e-44	1.2479444682072517e-47	1.1531560667503764e-47
695.3907815631262	3.876887615237444e-45	6.287898303366282e-48	5.961754846287822e-48
734.4689378757515	1.805767431319282e-45	6.072811389710386e-48	5.885071225076517e-48
773.5470941883768	1.6003848417526883e-45	1.0239033391280434e-47	1.0110135092580422e-47
812.625250501002	2.4513735220327795e-45	2.8145334666219174e-47	2.8244811466050573e-47
851.7034068136272	6.03535097043517e-45	1.1940169837808285e-46	1.2152760634396643e-46
890.7815631262525	2.2508669562326096e-44	7.449673655480225e-46	7.676944172348894e-46
929.8597194388778	1.206942257742645e-43	6.530780558166253e-45	6.804261345211575e-45
968.937875751503	8.863301796382351e-43	7.688213764135582e-44	8.088767742659847e-44
1008.0160320641282	8.505844524292474e-42	1.1609629280198961e-42	1.2321716559226407e-42
1047.0941883767537	1.0189881270352532e-40	2.1470100519720011e-41	2.2966845960309597e-41
1086.1723446893789	1.4574618428700861e-39	4.6434725092547774e-40	5.002588830205354e-40
1125.250501002004	2.3846580026484044e-38	1.1228776260720609e-38	1.217535876298806e-38
1164.3286573146293	4.287341731536892e-37	2.9093097236229383e-37	3.1731068617753637e-37
1203.4068136272545	8.162956722172076e-36	7.76511320395329e-36	8.514621844442908e-36
1242.4849699398799	1.5924249509248239e-34	2.0612782331665523e-34	2.2713248524604116e-34
1281.563126252505	3.092622314183205e-33	5.278580437557405e-33	5.842626362894567e-33
1320.6412825651303	5.835209425855923e-32	1.2711124951518828e-31	1.4127474735859667e-31
1359.7194388777557	1.0483506598827273e-30	2.8193772837992813e-30	3.1454299348917007e-30
1398.797595190381	1.7646789713827648e-29	5.668336219912624e-29	6.345979901023633e-29
1437.875751503006	2.7483825232350576e-28	1.0208519155195748e-27	1.1465780438276132e-27
1476.9539078156313	3.923194987762588e-27	1.633697959058923e-26	1.8403562109952407e-26
1516.0320641282565	5.098073327732094e-26	2.3119167304703677e-25	2.6115095842045014e-25
1555.110220440882	6.003317107773241e-25	2.8867730164183212e-24	3.2691046528072403e-24
1594.188376753507	6.388599217221869e-24	3.1803884313859725e-23	3.6099968665579075e-23
1633.2665330661323	6.136343665914002e-23	3.096707459595168e-22	3.5225431184406903e-22
1672.3446893787577	5.319783959417194e-22	2.672766886640385e-21	3.0462816446109982e-21
1711.422845691383	4.1665821396723265e-21	2.0528858306740554e-20	2.3439775044345813e-20
1750.5010020040081	2.953501485775081e-20	1.4096212867289378e-19	1.6121307297292199e-19
1789.5791583166333	1.899391567292096e-19	8.696673694833755e-19	9.960737985955968e-19
1828.6573146292585	1.1114261868066971e-18	4.846223703208896e-18	5.5579525062890296e-18
1867.735470941884	5.937080816520614e-18	2.4523594221099282e-17	2.8157976887387864e-17
1906.8136272545091	2.9057128901687256e-17	1.132979847584169e-16	1.3022013268944167e-16
1945.8917835671343	1.3078728606671004e-16	4.804021547971046e-16	5.526259899313038e-16
1984.9699398797597	5.435099630038124e-16	1.8791177302300082e-15	2.163122368600466e-15
2024.048096192385	2.0936104607385565e-15	6.814077943150176e-15	7.848077419431985e-15
2063.12625250501	7.504893175778088e-15	2.3014755595911523e-14	2.6516581888356508e-14
2102.2044088176353	2.51329705198174e-14	7.272624244692313e-14	8.380702336193866e-14
2141.2825651302605	7.893047311877469e-14	2.1592087233092248e-13	2.488181210464439e-13
2180.3607214428857	2.333169140541213e-13	6.047044137347225e-13	6.966993619029632e-13
2219.4388777555114	6.514580749225615e-13	1.6034577210843445e-12	1.846665306344779e-12
2258.517034068136	1.7239960179342008e-12	4.039762343776018e-12	4.649703328265322e-12
2297.595190380762	4.338055510757769e-12	9.701906611538648e-12	1.115764966170946e-11
2336.673346693387	1.0410921103465583e-11	2.227848845964698e-11	2.5594847475496066e-11
2375.751503006012	2.3898498353791228e-11	4.905420043075048e-11	5.628560532496846e-11
2414.8296593186374	5.2616066323859426e-11	1.0384319917278687e-10	1.1897495035189944e-10
2453.9078156312626	1.113883011687224e-10	2.1186580081877836e-10	2.423240354904259e-10
2492.985971943888	2.2728554743578774e-10	4.175602394460326e-10	4.766675875222324e-10
2532.064128256513	4.480080924124943e-10	7.966677491571549e-10	9.074846328262516e-10
2571.1422845691386	8.548475276414566e-10	1.4743275021034877e-09	1.6754425170130967e-09
2610.220440881764	1.5820734618003598e-09	2.6513502474514814e-09	3.0053058054476743e-09
2649.298597194389	2.845044480437112e-09	4.641278868966581e-09	5.246425163925475e-09
2688.376753507014	4.979794093103521e-09	7.921255071837123e-09	8.927899042152816e-09
2727.4549098196394	8.497256590167462e-09	1.3200052213778489e-08	1.4831791329534e-08
2766.5330661322646	1.4155629370748278e-08	2.150686013257754e-08	2.4087949685947302e-08
2805.61122244489	2.3054570564756096e-08	3.4304475544221524e-08	3.8293965340358694e-08
2844.6893787575154	3.6754960005232143e-08	5.363042491125111e-08	5.966361849369686e-08
2883.7675350701406	5.7427772640757035e-08	8.226920064965617e-08	9.12067489080646e-08
2922.845691382766	8.803520341259598e-08	1.2395821430283057e-07	1.369428753255852e-07
2961.923847695391	1.325465317597911e-07	1.8362926182833382e-07	2.0215006502846212e-07
3001.0020040080162	1.9619032498415228e-07	2.6768626739125076e-07	2.9364953877988203e-07
3040.0801603206414	2.8574347036851026e-07	3.8431885165137337e-07	4.201253159455442e-07
3079.1583166332666	4.098562400814481e-07	5.438499221880195e-07	5.924769260504881e-07
3118.236472945892	5.794112179110118e-07	7.59114123802404e-07	8.242019555536381e-07
3157.314629258517	8.079125884051591e-07	1.0458627739822448e-06	1.1318041155783877e-06
3196.3927855711427	1.1119011551492e-06	1.4231899801871154e-06	1.5352217181227996e-06
3235.470941883768	1.511389587923201e-06	1.913973990652507e-06	2.0582708854517917e-06
3274.549098196393	2.0303116898710656e-06	2.54532723685369e-06	2.729097203519205e-06
3313.6272545090183	2.696978604411669e-06	3.3490475523288188e-06	3.5806284144284102e-06
3352.7054108216435	3.5445334514310864e-06	4.362061310525462e-06	4.651018790510318e-06
3391.7835671342687	4.611393747358905e-06	5.626846772384797e-06	5.984073235493054e-06
3430.861723446894	5.941668607048449e-06	7.191823634635701e-06	7.629636939498607e-06
3469.9398797595195	7.585536427143252e-06	9.111694289965414e-06	9.643936333436366e-06
3509.0180360721447	9.599570281026472e-06	1.1447725552090494e-05	1.2089860974407166e-05
3548.09619238477	1.2047004019792442e-05	1.4267967608710828e-05	1.5037184629412479e-05
3587.174348697395	1.499794196292328e-05	1.764741874025136e-05	1.8562735827927374e-05
3626.2525050100203	1.8529526569659314e-05	2.1668156193196167e-05	2.27505395114691e-05
3665.3306613226455	2.2726086737545012e-05	2.6419459696037328e-05	2.769195621511506e-05
3704.4088176352707	2.7679288501507708e-05	3.199794843336667e-05	3.348583773558744e-05
3743.486973947896	3.348829551516685e-05	3.850773150901502e-05	4.0238695730938155e-05
3782.565130260521	4.025991864334934e-05	4.606053803431954e-05	4.806484485713967e-05
3821.6432865731467	4.8108698122064987e-05	5.477575441714109e-05	5.708644381899565e-05
3860.721442885772	5.7156829501334835e-05	6.478026675093864e-05	6.743332970986429e-05
3899.799599198397	6.753383028723707e-05	7.620800041673041e-05	7.924253782382684e-05
3938.8777555110223	7.937586060729312e-05	8.919907870803945e-05	9.265743159863241e-05
3977.9559118236475	9.282466486501458e-05	0.0001038985910608266	0.00010782643829834272
4017.0340681362727	0.00010802618887826418	0.0001204550618517759	0.00012490148745846364
4056.112224448898	0.00012512903358699275	0.0001390188234895334	0.00014403636161648795
4095.1903807615236	0.00014428300684803252	0.00015974059384959457	0.0001653852639016652
4134.268537074149	0.0001656380977576175	0.00018277060506355274	0.00018910195232792583
4173.346693386774	0.00018934419341289676	0.00020825859981964172	0.00021533975837513062
4212.424849699399	0.00021555176725268234	0.00023635488887015072	0.00024425268437082155
4251.503006012024	0.00024441359260232883	0.00026721245860703274	0.00027599756957846105
4290.58116232465	0.00027608730100527697	0.000300989864964496	0.0003107370628309018
4329.659318637275	0.0003107383596604274	0.00033785440303391945	0.00034864289254810533
4368.7374749498995	0.000348542842268008	0.00037798485876620506	0.00038989874015304244
4407.815631262525	0.00038968926231958394	0.00042157307602721795	0.0004347019456394352
4446.893787575151	0.0004343787563044606	0.00046882363091769634	0.00048326332620744007
4485.971943887776	0.0004828230494875926	0.0005199510907838416	0.0005358045662310177
4525.050100200401	0.0005352398900965197	0.0005751746228078462	0.0005925529155374282
4564.128256513026	0.000591845968154515	0.0006347100724010753	0.0006537332803978672
4603.206412825652	0.0006528477090471361	0.0006987600199862156	0.0007195581746764506
4642.284569138277	0.000718430715766577	0.0007675027121589055	0.0007902163855951652
4681.362725450902	0.0007887489911666917	0.0008410811116519202	0.0008658615644639758
4720.440881763528	0.0008639153565083395	0.0009195935711890805	0.0009466022317742209
4759.519038076152	0.0009439946362492574	0.0010030877476348975	0.001032494828667202
4798.597194388778	0.0010290011355078973	0.0010915592688342766	0.0011235413860381893
4837.675350701403	0.0011189016403594563	0.0011849562960037305	0.0012196930625943043
4876.753507014028	0.0012136246029406693	0.0012831904823156469	0.0013208602060199776
4915.831663326654	0.0013130753752946492	0.0013861539725206506	0.0014269287618003772
4954.909819639279	0.0014171564416110114	0.001493741150061905	0.00153778190978502
4993.987975951904	0.001525790738089493	0.001605872998325594	0.0016533249237133975
5033.066132264529	0.0016389455276722325	0.001722521385419754	0.0017735106122548706
5072.144288577155	0.0017566540561266186	0.0018437304361437073	0.001898362457133615
5111.22244488978	0.0018790324088908336	0.00196963245006821	0.0020279927679141344
5150.300601202405	0.0020062895582353647	0.0021004564800801043	0.0021626137659549356
5189.378757515031	0.0021387293924496746	0.0022365285388459997	0.0023025403426592287
5228.456913827656	0.00227674436946983	0.002378263262677721	0.0024481841199728467
5267.535070140281	0.002420801173695316	0.002526147576987493	0.0026000392042496608
5306.613226452906	0.0025714192783760034	0.0026807173909482464	0.002758660563502055
5345.691382765532	0.002729143609392442	0.0028425285996599987	0.0029246362508894594
5384.769539078156	0.0028945126213431034	0.003012123754665433	0.003098554794692485
5423.847695390782	0.0030680231261089215	0.003189995777280765	0.0032809690716345042
5462.925851703407	0.003250093257180436	0.003376550134059156	0.0034723579815007883
5502.0040080160325	0.0034410250883491963	0.003572067043422536	0.003673087333585401
5541.082164328658	0.0036409686900570767	0.0037766655661171304	0.0038833715882472908
5580.160320641283	0.0038498897858393415	0.003990271824882669	0.004103238468659599
5619.2384769539085	0.004067543594931234	0.0042125940205576026	0.004332498913382623
5658.316633266533	0.004293457795273019	0.004443107234390624	0.004570725272461405
5697.394789579159	0.004526927659225023	0.004681051070272677	0.004817240909884295
5736.472945891784	0.004767026141065927	0.00492544283611704	0.005071124295911204
5775.551102204409	0.005012630904094917	0.005175108073351524	0.005331230103054381
5814.629258517034	0.00526246892222903	0.005428728791500414	0.0055962286716804924
5853.70741482966	0.005515177459181694	0.005684907857451277	0.005864663508984015
5892.785571142285	0.005769378146060899	0.005942245878723569	0.006135024396442171
5931.86372745491	0.006023758897952768	0.006199424976137916	0.006405831516748682
5970.941883767536	0.006277156938381782	0.006455292472886817	0.006675724176939795
6010.0200400801605	0.0065286355932331055	0.006708937074597747	0.0069435466066404454
6049.098196392786	0.0067775479692111585	0.006959750744115538	0.007208423243138618
6088.176352705411	0.007023582111384673	0.007207471112781313	0.007469816963468046
6127.2545090180365	0.007266784470566682	0.007452201614152546	0.007727565723912795
6166.332665330662	0.007507561070665808	0.00769440912363468	0.007981895642204827
6205.410821643287	0.007746658170000883	0.007934901259519699	0.008233411218458614
6244.488977955913	0.00798512605980666	0.008174787264864217	0.00848306566795119
6283.567134268537	0.008224270705565449	0.008415427339400504	0.008732115895106592
6322.645290581163	0.008465598174414135	0.00865837541512546	0.008982067329972098
6361.723446893788	0.008710756331025265	0.008905319815127044	0.009234613724217368
6400.801603206413	0.008961477350195606	0.009158025238618498	0.009491576251539837
6439.879759519039	0.00921952343865399	0.009418278329412466	0.00975484513192848
6478.957915831664	0.009486637002553066	0.009687837926443578	0.010026325752238824
6518.036072144289	0.009764495499886183	0.009968390114509286	0.010307890088582196
6557.114228456914	0.010054670468874143	0.01026150747305243	0.010601333280368306
6596.19238476954	0.010358589755859923	0.010568611485428245	0.010908334524438764
6635.2705410821645	0.010677501770766772	0.010890936907412177	0.011230421060815312
6674.34869739479	0.011012440644190886	0.011229496968750169	0.01156893388665953
6713.426853707415	0.011364191409937848	0.011585048556397018	0.011924993924912303
6752.505010020041	0.011733254753128418	0.011958056965449597	0.012299467649696373
6791.583166332666	0.012119811413190252	0.012348660369778653	0.012692931597627879
6830.661322645291	0.01252368698024547	0.012756634825801728	0.013105635744322403
6869.739478957917	0.012944318535446527	0.013181361341571584	0.013537466373068166
6908.817635270541	0.013380725312465364	0.013621797269604306	0.013987909779385577
6947.895791583167	0.013831486233336087	0.014076454948444334	0.014456018902484411
6986.973947895792	0.014294727711869413	0.014543391037505826	0.014940385697213461
7026.052104208417	0.014768125418142269	0.015020210257341411	0.015439122681465096
7065.130260521042	0.015248923645510726	0.015504087150637134	0.015949857516124107
7104.208416833668	0.015733975412716785	0.015991808916049313	0.01646974458420285
7143.286573146293	0.016219805397072948	0.01647984127184705	0.016995497218357646
7182.364729458918	0.01670269622199125	0.01696441767893548	0.017523443388579637
7221.442885771544	0.017178796593751575	0.017441650183780983	0.018049606261626872
7260.521042084169	0.017644247482225938	0.017907657825188255	0.01856980911737657
7299.599198396794	0.01809532024877392	0.018358706273213673	0.019079801792808826
7338.677354709419	0.01852855868477094	0.01879135048007474	0.019575403366001377
7377.755511022045	0.018940915682930853	0.01920257096463044	0.02005265352002595
7416.83366733467	0.019329874996262035	0.019589894188708375	0.02050796330669128
7455.911823647295	0.019693549380357132	0.019951488433251965	0.020938255196037175
7494.989979959921	0.02003074831193818	0.02028622857456517	0.02134108257240878
7534.068136272545	0.020341011188366006	0.020593725938288385	0.021714720272339977
7573.146292585171	0.02062460505215091	0.020874322573764887	0.02205822020395796
7612.224448897796	0.02088248899740136	0.021129052388790818	0.02237142921243756
7651.3026052104215	0.021116250075847266	0.021359574194658965	0.02265496971490439
7690.380761523047	0.021328017411391363	0.021568083529382224	0.022910186749970682
7729.458917835672	0.021520362196228354	0.021757211009453624	0.023139067569749292
7768.5370741482975	0.021696191286267666	0.02192991492922055	0.023344141484116364
7807.615230460922	0.021858641384808135	0.02208937503738524	0.023528368259441254
7846.693386773548	0.0220109795319514	0.022238893108332325	0.023695023051724787
7885.771543086173	0.022156514061835667	0.02238180435096219	0.02384758481342162
7924.849699398798	0.022298518587510932	0.02252140209363741	0.023989633613996593
7963.927855711423	0.02244017010781483	0.02266087672955301	0.024124760622466757
8003.006012024049	0.02258450111897273	0.022803268714111126	0.024256492843868712
8042.084168336674	0.022734364708735747	0.022951434522960085	0.024388233245733398
8081.162324649299	0.022892411013943667	0.02310802390393424	0.02452321575046067
8120.240480961925	0.023061073099229848	0.023275466452041402	0.024664473737633304
8159.3186372745495	0.02324256021290217	0.023455965450043633	0.024814820181994268
8198.396793587175	0.023438856436818742	0.023651496989447587	0.0249768373032345
8237.474949899799	0.023651722916063954	0.0238638125633838	0.025152873563926273
8276.553106212425	0.02388270208507512	0.02409444355851375	0.025345045960968156
8315.63126252505	0.024133122564531966	0.024344706333377823	0.025555245758874592
8354.709418837676	0.024404103663650322	0.024615706831858465	0.025785146065438982
8393.787575150302	0.024696558670423627	0.024908343928434624	0.02603620991848667
8432.865731462927	0.025011196340844657	0.02522331092979085	0.026309697814257325
8471.943887775553	0.02534852020510017	0.02556109486365148	0.02660667385028723
8511.022044088177	0.025708825496372233	0.025921973372524436	0.026928009872580844
8550.100200400802	0.02609219367983586	0.026306009201422464	0.02727438720765854
8589.178356713426	0.02649848472078507	0.02671304242940148	0.027646295727495853
8628.256513026052	0.02692732738580811	0.027142680749438135	0.02804403014418814
8667.334669338677	0.027378108023408693	0.027594288253234293	0.028467683567062155
8706.412825651303	0.027849958421935807	0.02806697332871813	0.02891713848363551
8745.490981963929	0.028341743493053195	0.028559576427760983	0.029392055452419647
8784.569138276554	0.028852049674854854	0.02907065860671349	0.029891859924066868
8823.647294589178	0.029379175084236778	0.02959849187653641	0.030415727740176566
8862.725450901804	0.029921122563996445	0.03014105251323227	0.03096256999662044
8901.80360721443	0.030475596854126954	0.030696018560755874	0.03153101809855134
8940.881763527055	0.03104000715464372	0.03126077279304628	0.03211940997268305
8979.95991983968	0.031611476322963586	0.031832412373474825	0.03272577853141144
9019.038076152305	0.03218685784685275	0.03240776634335053	0.03334784359241293
9058.11623246493	0.03276276154098558	0.03298342187307546	0.033983008533313014
9097.194388777556	0.03333558862256997	0.03355575991193461	0.03462836298862107
9136.272545090182	0.033901576428256905	0.03412100047471137	0.035280692859120916
9175.350701402805	0.03445685254964266	0.03467525731470573	0.03593649878662063
9214.428857715431	0.03499749760827358	0.03521460117434607	0.036592024036436396
9253.507014028057	0.03551961529617626	0.035735130209624315	0.03724329241833767
9292.585170340682	0.036019407718167334	0.03623304559716343	0.037886156463771054
9331.663326653308	0.03649325353925305	0.03670472980467592	0.038516355572873716
9370.741482965932	0.03693778601888638	0.037146824591319405	0.03912958327057741
9409.819639278558	0.037349967754837746	0.03755630555449713	0.03972156210052074
9448.897795591183	0.03772715890272681	0.037930549993391155	0.04028812408280149
9487.975951903809	0.03806717580621859	0.038267395038797586	0.040825294118697515
9527.054108216433	0.038368337367466844	0.03856518340316565	0.041329373296847785
9566.132264529058	0.03862949708476148	0.038822794709647133	0.0417970187917391
9605.210420841684	0.038850059437651886	0.03903966111751829	0.04222531698667191
9644.28857715431	0.03902998014629094	0.039215766809503005	0.04261184662255433
9683.366733466935	0.03916975069710599	0.03935163177080373	0.04295472917192611
9722.44488977956	0.03927036833819429	0.03944828109641063	0.0432526642418508
9761.523046092185	0.03933329343846012	0.039507201747692185	0.043504948574667995
9800.60120240481	0.03936039662620871	0.039530289192762746	0.043711478079421336
9839.679358717436	0.039353898445922776	0.039519786679769575	0.043872733216222655
9878.757515030062	0.03931630439000866	0.039478220002205036	0.04398974889674716
9917.835671342686	0.039250338089174656	0.039408330534935206	0.04406407078995127
9956.913827655311	0.039158875210001415	0.039313009079117084	0.04409770048149267
9995.991983967937	0.03904488025218933	0.039195232694029754	0.04409303229671256
10035.070140280563	0.03891134800497427	0.03905800625876961	0.04405278475063014
10074.148296593186	0.03876125095630801	0.03890431004023465	0.043979929544899286
10113.226452905812	0.0385974934878339	0.03873705408389248	0.04387762081846514
10152.304609218438	0.03842287326371762	0.03855903982046307	0.04374912701444017
10191.382765531063	0.03824004985320386	0.038372928915611344	0.04359776729468157
10230.460921843689	0.03805152032733519	0.03818121909276345	0.04342685395984682
10269.539078156313	0.037859601343678724	0.0379862264350205	0.04323964185603332
10308.617234468938	0.03766641707679128	0.037790073518348094	0.043039285301756464
10347.695390781564	0.037473892259753096	0.03759468263784451	0.04282880267437414
10386.77354709419	0.037283749563863905	0.03740177335230776	0.04261104846742056
10425.851703406814	0.03709751054865919	0.0372128635787816	0.042388692375778844
10464.92985971944	0.036916499452189847	0.03702927350748724	0.04216420478353624
10504.008016032065	0.036741849151886996	0.03685213166864662	0.0419398479141182
10543.08617234469	0.03657450870074411	0.03668238255755553	0.0417176718450373
10582.164328657316	0.03641525192489624	0.03652079530587057	0.04149951457986771
10621.24248496994	0.03626468665150427	0.03636797296994797	0.04128700539699784
10660.320641282566	0.03612326421602773	0.03622436208725905	0.041081570748050966
10699.398797595191	0.03599128897284957	0.03609026222669621	0.040884442049443734
10738.476953907817	0.03586892760115163	0.035965835326327196	0.040696664790712773
10777.55511022044	0.0357562180579772	0.03585111467205191	0.04051910846687434
10816.633266533066	0.03565307808241853	0.035746013422435066	0.040352476924599964
10855.711422845692	0.035559313199046656	0.03565033262897359	0.04019731879016636
10894.789579158318	0.035474624205499364	0.03556376873766776	0.040054037718874974
10933.867735470943	0.035398614159142146	0.035485920587659515	0.03992290226978786
10972.945891783567	0.03533079490180665	0.0354162959465465	0.039804055265742995
11012.024048096193	0.03527059318011272	0.035354317640475454	0.03969752254675412
11051.102204408819	0.03521735643288787	0.03529932935086726	0.03960322106549708
11090.180360721444	0.03517035832676401	0.03525060115919802	0.03952096630725498
11129.258517034068	0.035128804127024266	0.0352073349270943	0.03945047904418583
11168.336673346694	0.035091835993302484	0.03516866960147594	0.03939139145585855
11207.41482965932	0.035058538289250325	0.03513368653387586	0.039343252665421546
11246.492985971945	0.035027942991843926	0.03510141489960549	0.03930553375421074
11285.57114228457	0.034999035279959574	0.03507083729628365	0.03927763232767235
11324.649298597195	0.034970759373176896	0.03504089559255022	0.039258876712679566
11363.72745490982	0.03494202468072885	0.03501049708667715	0.03924852987106806
11402.805611222446	0.03491171230718415	0.03497852102143286	0.03924579311682984
11441.883767535071	0.03487868194606724	0.03494382548613681	0.039249809725105486
11480.961923847697	0.03484177917544854	0.034905254719631996	0.039259668520067716
11520.040080160321	0.03479984315084266	0.034861646809226605	0.03927440752608521
11559.118236472947	0.034751714671059815	0.03481184176094356	0.03929301776222814
11598.196392785572	0.03469624457243039	0.034754689896181044	0.03931444725425679
11637.274549098198	0.03463230238658974	0.03468906050972992	0.03933760533070078
11676.352705410822	0.03455878517762021	0.0346138507046978	0.039361367260495814
11715.430861723447	0.03447462645640398	0.03452799430198825	0.039384579278908496
11754.509018036073	0.03437880505428978	0.03443047070633603	0.039406064036197286
11793.587174348699	0.03427035382551353	0.03432031359825699	0.03942462648972645
11832.665330661324	0.034148368038769604	0.03419661931232897	0.03943906024522539
11871.743486973948	0.034012013313623114	0.03405855475757178	0.039448154336802974
11910.821643286574	0.03386053295744676	0.03390536473580005	0.03945070041848504
11949.8997995992	0.03369325456366014	0.03373637851894602	0.039445500322833726
11988.977955911825	0.03350959574212303	0.03355101555655307	0.03943137392508471
12028.056112224449	0.03330906886762707	0.03334879019974146	0.03940716723472671
12067.134268537075	0.03309128475191489	0.0331293153475262	0.03937176062111477
12106.2124248497	0.032855955168068315	0.03289230494477426	0.03932407706615497
12145.290581162326	0.03260289418240815	0.032637575287461876	0.03926309032590707
12184.368737474952	0.032332018277422166	0.032365045119219164	0.03918783287469286
12223.446893787575	0.03204334527836947	0.03207473453228828	0.03909740350045415
12262.525050100201	0.03173699212500307	0.03176676271479959	0.03899097441907679
12301.603206412827	0.031413171557182505	0.031441344613524165	0.038867797778438136
12340.681362725452	0.031072187807829846	0.031098786605906627	0.038727211430160086
12379.759519038078	0.030714431417868743	0.030739481296291414	0.03856864385837861
12418.837675350702	0.030340373304660252	0.03036390156807355	0.038391618170036675
12457.915831663327	0.029950558227562256	0.029972594035517466	0.03819575506982044
12496.993987975953	0.029545597801244754	0.029566172045911984	0.037980774764311595
12536.072144288579	0.029126163209199318	0.029145308384542462	0.0377464977634676
12575.150300601203	0.028692977766993793	0.02871072783186344	0.03749284457233059
12614.228456913828	0.028246809477119973	0.028263199714655327	0.037219834290990975
12653.306613226454	0.027788463705955335	0.0278035305814383	0.03692758216536897
12692.38476953908	0.027318776098568757	0.027332557117691718	0.0366162961544315
12731.462925851705	0.026838605830083268	0.026851139399292873	0.036286272600211104
12770.541082164329	0.026348829273490495	0.026360154563854227	0.035937891104734075
12809.619238476955	0.025850334144409834	0.02586049096012908	0.03557160873215093
12848.69739478958	0.02534401416368383	0.025353042816140623	0.035187953664604615
12887.775551102206	0.02483076425991163	0.024838705447855748	0.03478751844647473
12926.85370741483	0.02431147631642081	0.024318371012685094	0.03437095295359029
12965.931863727455	0.02378703545142743	0.02379292479631752	0.03393895722195412
13005.010020040081	0.023258316806435992	0.023263242007772727	0.0334922742647938
13044.088176352707	0.022726182806690767	0.022730185046324868	0.03303168299776856
13083.166332665332	0.022191480848798417	0.022194601195260562	0.032557991380459075
13122.244488977956	0.021655041364420907	0.021657320691322104	0.032072029868437296
13161.322645290582	0.02111767620540136	0.02111915511509123	0.031574645254874016
13200.400801603208	0.020580177294395926	0.020580896046370926	0.031066694964417208
13239.478957915833	0.020043315486054723	0.020043313929605407	0.030549041845551475
13278.557114228457	0.01950783958672622	0.0195071570973079	0.030022549491372848
13317.635270541083	0.01897447548516998	0.018973150904036777	0.029488078103153872
13356.713426853708	0.018443925352676607	0.018441996929363855	0.028946480896636123
13395.791583166334	0.01791686687787358	0.017914372215177207	0.028398601037983664
13434.86973947896	0.01739395250901756	0.01739092851021455	0.027845269084996845
13473.947895791584	0.016875808684494172	0.016872291502602006	0.027287300899679925
13513.02605210421	0.016363035040069772	0.01635906002905372	0.02672549599065624
13552.104208416835	0.015856203589066566	0.015851805256977786	0.02616063623825265
13591.18236472946	0.015355857878662645	0.015351069842764195	0.025593484951283895
13630.260521042084	0.014862512131761273	0.014857367075777677	0.025024786202582854
13669.33867735471	0.014376650389166818	0.014371180022856266	0.024455264390007288
13708.416833667336	0.013898725670999647	0.01389296069228886	0.02388562397086031
13747.494989979961	0.013429159179262639	0.013423129239224011	0.023316549320212356
13786.573146292587	0.012968339565239996	0.012962073236220343	0.022748704667316617
13825.65130260521	0.012516622285985214	0.012510147033189024	0.0221827340689627
13864.729458917836	0.012074329073535632	0.012067671230369366	0.0216192613840089
13903.807615230462	0.011641747538862325	0.011634932286325199	0.0210588902192744
13942.885771543088	0.011219130930015036	0.011212182280375417	0.020502203823236167
13981.963927855713	0.010806698060580239	0.010799638845558998	0.01994976491038615
14021.042084168337	0.010404633420747116	0.01039748528434888	0.019402115405460694
14060.120240480963	0.010013087478972536	0.010005870875071026	0.01885977610288718
14099.198396793588	0.009632177177835871	0.009624911372542195	0.018323246242548427
14138.276553106214	0.009261986623205383	0.009254689701991932	0.01779300300819718
14177.354709418838	0.00890256796157371	0.008895256841056676	0.017269500959453964
14216.432865731464	0.00855394243643133	0.008546632880659261	0.01675317141218559
14255.51102204409	0.008216101611014798	0.008208808252050679	0.016244421785139698
14294.589178356715	0.00788900874173603	0.007881745104266799	0.015743634932936835
14333.66733466934	0.007572600284155555	0.0075653788138211955	0.015251168486911845
14372.745490981964	0.007266787511534451	0.007259619606632098	0.014767354225836268
14411.82364729459	0.006971458224797709	0.006964354270986042	0.014292497498300579
14450.901803607216	0.0066864785321388495	0.006679447939747917	0.01382687671754207
14489.979959919841	0.006411694676459486	0.006404745920000879	0.013370742947854716
14529.058116232465	0.0061469348893201225	0.00614007554878617	0.012924319599506634
14568.13627254509	0.005892011250996521	0.0058852480545449545	0.012487802246434197
14607.214428857716	0.0056467215375446645	0.005640060405169909	0.012061358577988871
14646.292585170342	0.0054108510373608735	0.005404297125173852	0.011645128492806677
14685.370741482968	0.005184174321547039	0.0051777320663032094	0.011239224339569963
14724.448897795592	0.004966456954341498	0.004960130117886333	0.010843731306142766
14763.527054108217	0.004757457131925738	0.0047512488452479485	0.010458707955392442
14802.605210420843	0.004556927239956254	0.004550840046574595	0.01008418690304547
14841.683366733469	0.004364615322191133	0.004358651220631779	0.009720175630239976
14880.761523046094	0.004180266454518448	0.0041744269396675835	0.009366657421092417
14919.839679358718	0.004003624020501273	0.0039979101236515295	0.009023592413624635
14958.917835671344	0.003834430886226919	0.003828843213669088	0.008690918750834406
14997.99599198397	0.0036724304737637227	0.0036669692437997	0.00836855381753754
15037.074148296595	0.003517367733854306	0.003512032812139949	0.008056395547861018
15076.152304609219	0.003368990019642465	0.0033637809527901023	0.007754323787909485
15115.230460921844	0.0032270478642023896	0.003221963911599912	0.00746220169812576
15154.30861723447	0.0030912956654528725	0.003086335829277413	0.007179877180192913
15193.386773547096	0.002961492282688785	0.0029566553361066437	0.0069071843139288155
15232.464929859721	0.00283740154944389	0.0028326860630150915	0.006643944790472059
15271.543086172345	0.002718792707774193	0.002714197074084188	0.006389969329088267
15310.621242484971	0.0026054407692685834	0.0026009632258280034	0.00614505906610423
15349.699398797597	0.0024971268082256788	0.00249276545868765	0.005909006905756306
15388.777555110222	0.0023936381924629553	0.0023893910262156744	0.005681598824070535
15427.855711422846	0.002294768757176567	0.00229063366737422	0.00546261511825225
15466.933867735472	0.002200318927147968	0.002196293727251294	0.005251831595402491
15506.012024048097	0.0021100957924327026	0.0021061782313286175	0.005049020695685113
15545.090180360723	0.0020239131424410924	0.002020100918220002	0.0048539525463082095
15584.168336673349	0.0019415914630899703	0.0019378822355537344	0.004666395943844341
15623.246492985973	0.001862957901425732	0.0018593493034040134	0.004486119263480935
15662.324649298598	0.001787846201842461	0.0017843358493930012	0.004312891294755752
15701.402805611224	0.0017160966177282688	0.0017126821192946188	0.004146482004189575
15740.48096192385	0.0016475558020768999	0.0016442347666773562	0.00398666322597404
15779.559118236473	0.0015820766803163809	0.001578846724833032	0.003833209282511955
15818.637274549099	0.0015195183083174277	0.0015163770639541028	0.003685897537140787
15857.715430861725	0.0014597457182741428	0.0014566908362470925	0.0035445088818037832
15896.79358717435	0.001402629754883244	0.001399658911406821	0.003408828162774907
15935.871743486976	0.0013480469040005535	0.001345157804626021	0.003278644547798316
15974.9498997996	0.001295879115717186	0.0012930694990799813	0.003153751838181928
16014.028056112225	0.0012460136235784586	0.0012432812646059146	0.003033948729494045
16053.106212424851	0.0011983427614642745	0.0011956854740923573	0.0029190390245603217
16092.184368737477	0.0011527637794603955	0.0011501794189051194	0.002808831802455183
16131.2625250501	0.0011091786598771884	0.0011066651245032696	0.002703141547134447
16170.340681362726	0.0010674939344144233	0.0010650491672399105	0.0026017882392707936
16209.418837675352	0.001027620503325073	0.0010252424931989576	0.0025045974147399307
16248.496993987977	0.000989473457302053	0.0009871602397885178	0.002411400193066192
16287.575150300603	0.0009529719026942561	0.0009507215606945008	0.0023220332789807684
16326.653306613227	0.0009180387905527049	0.0009158494546929013	0.002236338940076068
16365.731462925853	0.0008846007499137347	0.0008824705987253411	0.002154164963361451
16404.809619238476	0.0008525879256432975	0.0008505151855594594	0.0020753645933430692
16443.887775551106	0.0008219338210911495	0.0008199167662818169	0.001999796454065259
16482.965931863728	0.0007925751457420349	0.0007906120978067483	0.0019273244573679747
16522.044088176353	0.000764451667990311	0.0007625409955275386	0.0018578176994335299
16561.12224448898	0.0007375060731180731	0.0007356461911875173	0.0017911503475211436
16600.200400801605	0.0007116838265135857	0.0007098731960057243	0.001727201518618117
16639.27855711423	0.000686933042128087	0.000685170169055561	0.0016658551515752488
16678.356713426852	0.0006632043561415806	0.0006614877908634743	0.0016069998741406514
16717.43486973948	0.0006404508057778359	0.0006387791421684396	0.0015505288661612027
16756.513026052104	0.000618627713189256	0.0006169995877610286	0.0014963397200857481
16795.591182364733	0.000597692574313064	0.0005961066653024111	0.0014443342997770992
16834.669338677355	0.0005776049525849129	0.0005760599790090451	0.0013944185985232996
16873.74749498998	0.0005583263773852533	0.0005568210980766059	0.0013465025970295739
16912.825651302606	0.0005398202470828342	0.0005383534597076393	0.0013005001220734028
16951.903807615232	0.0005220517365337292	0.0005206222766002295	0.0012563287064136337
16990.981963927858	0.0005049877088889519	0.0005035944487499975	0.00121390945046171
17030.060120240483	0.0004885966315599674	0.0004872384794143429	0.0011731668861475596
17069.13827655311	0.00047284849618960177	0.00047152439508595757	0.0011340288433444622
17108.216432865735	0.00045771474247569693	0.00045642366932207424	0.0010964263191559974
17147.294589178357	0.0004431681856940505	0.0004419091502762217	0.0010602933503127709
17186.372745490982	0.0004291829477699326	0.00042795499178071395	0.0010255668888776064
17225.450901803608	0.0004157343917484473	0.0004145365878301406	0.0009921866814140551
17264.529058116234	0.0004027990595168596	0.00040163051031876965	0.0009600951517340293
17303.60721442886	0.0003903546126357299	0.00038921444988809247	0.0009292372873064474
17342.685370741485	0.0003783797761386264	0.0003772671597442823	0.0008995605293784824
17381.76352705411	0.0003668542851644799	0.0003657684023092649	0.0008710146668347924
17420.841683366736	0.00035575883429058287	0.00035469889857332325	0.0008435517337973363
17459.91983967936	0.0003450750294386859	0.0003440402800214638	0.0008171259109486942
17498.997995991984	0.00033478534223128545	0.000333775043010271	0.0007916934305449657
17538.07615230461	0.0003248730666789437	0.00032388650547647877	0.0007672124850698462
17577.154308617235	0.0003153222780853035	0.0003143587658631147	0.0007436431394696134
17616.23246492986	0.0003061177940597812	0.000305176664153603	0.000720947246898594
17655.310621242486	0.0002972451375329957	0.0002963257449087268	0.0006990883678963176
17694.388777555112	0.0002886905016748085	0.00028779222220590454	0.0006780316929112188
17733.466933867738	0.0002804407166183856	0.0002795629463845199	0.000657743968080106
17772.545090180363	0.00027248321789870956	0.00027162537250547043	0.0006381934241689841
17811.62324649299	0.0002648060165179418	0.0002639675304371848	0.0006193497085775855
17850.70140280561	0.0002573976705536768	0.0002565779964845167	0.0006011838203082029
17889.779559118237	0.00025024725823102575	0.000249445866480827	0.0005836680477981595
17928.857715430862	0.00024334435238221352	0.00024256073026744418	0.000566775909514917
17967.935871743488	0.00023667899622186643	0.00023591264748828306	0.0005504820972128331
18007.014028056114	0.00023024168036935797	0.0002294921246310752	0.0005347624217514859
18046.09218436874	0.00022402332105273787	0.00022329009324997194	0.0005195937613764959
18085.170340681365	0.0002180152394328828	0.0002172978893076176	0.0005049540123653223
18124.24849699399	0.0002122091419884959	0.0002115072335778885	0.0004908220419423482
18163.326653306616	0.00020659710190668992	0.00020591021305354005	0.00047717764336968925
18202.40480961924	0.00020117154142583617	0.00020049926330580262	0.00046400149312234116
18241.482965931864	0.0001959252150807938	0.00019526715174578813	0.00045127511005885104
18280.56112224449	0.00019085119380275883	0.00019020696174012157	0.0004389808165012201
18319.639278557115	0.0001859428498288042	0.00018531207753569846	0.00042710170114033924
18358.71743486974	0.00018119384237817095	0.0001805761699509005	0.0004156215836861399
18397.795591182366	0.00017659810405517683	0.0001759931827927668	0.0004045249811842624
18436.873747494992	0.00017214982794012075	0.0001715573199618389	0.00039379707592389937
18475.951903807618	0.00016784345533203186	0.0001672630332083806	0.00038342368486423995
18515.030060120243	0.00016367366410893346	0.00016310501050563413	0.000373391230509697
18554.108216432865	0.0001596353576730054	0.00015907816500759065	0.0003636867131668118
18593.18637274549	0.00015572365444989797	0.00015517762456051707	0.0003542976845184945
18632.264529058117	0.00015193387791315546	0.00015139872173910025	0.0003452122224537957
18671.342685370742	0.0001482615471060717	0.0001477369843796566	0.00033641890709407173
18710.420841683368	0.00014470236763488038	0.00014418812658431823	0.0003279067979588828
18749.498997995994	0.00014125222310866413	0.00014074804017154507	0.0003196654122174669
18788.57715430862	0.00013790716700262562	0.0001374127865495761	0.0003116847039739075
18827.655310621245	0.0001346634149224976	0.0001341785889907684	0.0003039550445365602
18866.73346693387	0.0001315173372494232	0.00013104182528589158	0.0002964672036243975
18905.811623246493	0.0001284654521451738	0.00012799902075863863	0.0002892123314652203
18944.88977955912	0.00012550441889937585	0.00012504684162160178	0.00028218194174258783
18983.967935871744	0.00012263103160071675	0.0001221820886560566	0.0002753678953505149
19023.04609218437	0.0001198422131155305	0.00011940169119876822	0.00026876238491671723
19062.124248496995	0.00011713500935790095	0.00011670270142000241	0.0002623579200571886
19101.20240480962	0.00011450658383621268	0.00011408228887772087	0.0002561473133265153
19140.280561122247	0.00011195421246201306	0.00011153773533379602	0.0002501236668301741
19179.358717434872	0.00010947527860769028	0.00010906642981878801	0.000244280359466539
19218.436873747498	0.00010706726840031552	0.00010666586393260428	0.00023861103476801159
19257.515030060124	0.00010472776623955644	0.00010433362736899296	0.00023310958931206197
19296.593186372746	0.00010245445052825953	0.00010206740365248616	0.00022777016167443843
19335.67134268537	0.00010024508960502373	9.986496607702567e-05	0.00022258712189816816
19374.749498997997	9.809753786835696e-05	9.772417383605493e-05	0.0002175550614532304
19413.827655310623	9.600973208296327e-05	9.564296833442877e-05	0.00021266878366304071
19452.905811623248	9.397968785882803e-05	9.361936967297531e-05	0.00020792329457502637
19491.983967935874	9.200549629455062e-05	9.165147329706425e-05	0.00020331379425375093
19531.0621242485	9.008532077665202e-05	8.973744680096822e-05	0.00019883566847604193
19570.140280561125	8.821739392706662e-05	8.787552688024418e-05	0.00019448448080864816
19609.21843687375	8.640001469150631e-05	8.606401642477806e-05	0.00019025596504988618
19648.296593186373	8.463154556167328e-05	8.430128174551042e-05	0.00018614601801765542
19687.374749499	8.291040992472374e-05	8.258574992824318e-05	0.00018215069266711205
19726.452905811624	8.123508953365972e-05	8.091590630825339e-05	0.00017826619152205806
19765.53106212425	7.960412209284144e-05	7.929029205978576e-05	0.0001744888604049644
19804.609218436875	7.801609895278303e-05	7.770750189479349e-05	0.00017081518245123896
19843.6873747495	7.646966290911426e-05	7.616618186559436e-05	0.00016724177239411096
19882.765531062127	7.496350610045287e-05	7.466502726638157e-05	0.0001637653711071386
19921.843687374752	7.349636800052516e-05	7.32027806287959e-05	0.00016038284039203643
19960.921843687378	7.206703349990619e-05	7.177822980700642e-05	0.00015709115800008563
20000.0	7.067433107304505e-05	7.039020614799026e-05	0.00015388741287601627
