500.0	0.10605650563256844	0.1173915145976712	0.11209969555549348
539.0781563126252	0.06725256327506357	0.11580696036635281	0.10993756329830931
578.1563126252505	0.03849739223774403	0.12826928909377822	0.12238204840399529
617.2344689378758	0.024247219242084433	0.15319032274304784	0.14792298123277536
656.312625250501	0.027924864014502865	0.18607929746923504	0.1817802639802902
695.3907815631262	0.04839760445228133	0.22152343249563955	0.21815089072042823
734.4689378757515	0.08050970712424597	0.2554597143981011	0.2527619108097129
773.5470941883768	0.11815952845476718	0.28578169046016155	0.28348443148518315
812.625250501002	0.15657080287855907	0.311823619979262	0.3097127992522708
851.7034068136272	0.19284622209759839	0.33369455243755014	0.3316270878432785
890.7815631262525	0.22559166179070464	0.35182914032217705	0.34971834807791
929.8597194388778	0.2543620565552228	0.3667513866770899	0.36454925269273847
968.937875751503	0.2792282553187048	0.3789686747287866	0.3766518219975018
1008.0160320641282	0.3005042384098565	0.38893222027918906	0.3864922483228636
1047.0941883767537	0.3185941560072989	0.39702790247349956	0.3944651381918157
1086.1723446893789	0.3339135793387005	0.40357958103781355	0.400899165287532
1125.250501002004	0.3468525875671673	0.408856665731883	0.4060661530243985
1164.3286573146293	0.35776104475236087	0.41308240493946985	0.4101903185147534
1203.4068136272545	0.3669450314398545	0.41644153051881183	0.4134565130504921
1242.4849699398799	0.37466851710222854	0.41908684978385363	0.4160171826214596
1281.563126252505	0.3811572194523668	0.4211447657395594	0.41799811453127755
1320.6412825651303	0.3866031340582874	0.4227198450522651	0.41950314297306135
1359.7194388777557	0.3911690208123391	0.4238985847966897	0.4206179979646655
1398.797595190381	0.3949925416558583	0.4247525196411974	0.42141346016841197
1437.875751503006	0.3981899440538483	0.42534078949351073	0.4219479547181661
1476.9539078156313	0.40085927820308204	0.4257122652701725	0.42226968998384073
1516.0320641282565	0.40308317629070295	0.4259073112651385	0.42241842498775706
1555.110220440882	0.4049312369140032	0.42595924727004686	0.42242693195427766
1594.188376753507	0.4064620608949727	0.4258955616767193	0.42232220733795245
1633.2665330661323	0.407724982890169	0.4257389175291043	0.42212647463525726
1672.3446893787577	0.40876153950908783	0.4255079862051805	0.4218580144986807
1711.422845691383	0.40960671046265595	0.42521813757281535	0.42153185151322575
1750.5010020040081	0.4102899651141937	0.42488201070512777	0.4211603220298676
1789.5791583166333	0.4108361429014353	0.4245099853090968	0.420753543385496
1828.6573146292585	0.4112661925029356	0.4241105707384719	0.42031980146107845
1867.735470941884	0.41159779132910324	0.4236907266731076	0.41986587064775216
1906.8136272545091	0.4118458638869675	0.4232561271106036	0.4193972777588133
1945.8917835671343	0.41202301481738984	0.4228113772173606	0.41891851932108415
1984.9699398797597	0.4121398901489699	0.4223601910900725	0.4184332404286707
2024.048096192385	0.41220547887948494	0.42190553794237906	0.4179443832457051
2063.12625250501	0.4122273662179591	0.421449764285014	0.41745431327548455
2102.2044088176353	0.41221194835143093	0.42099469849023025	0.4169649288531263
2141.2825651302605	0.4121646145044242	0.4205417395331455	0.4164777518705729
2180.3607214428857	0.4120898954671528	0.42009192450334865	0.4159939890330266
2219.4388777555114	0.41199157349916415	0.41964596606790994	0.41551455368448187
2258.517034068136	0.4118727543014107	0.41920426016001633	0.4150400583602002
2297.595190380762	0.41173592042226526	0.4187668871726626	0.4145708222622922
2336.673346693387	0.41158300671747333	0.4183336527361431	0.41410695817002224
2375.751503006012	0.4114155402864454	0.41790421137253636	0.41364857508758396
2414.8296593186374	0.4112348513125005	0.41747827050058556	0.41319604678269617
2453.9078156312626	0.4110422932709975	0.41705579545788474	0.4127501925895266
2492.985971943888	0.4108393487917097	0.416637074214254	0.41231217403100795
2532.064128256513	0.410627493909556	0.4162225098970447	0.4118829960229164
2571.1422845691386	0.41040778126556215	0.4158121183165897	0.4114627127162078
2610.220440881764	0.41018026364300175	0.41540488639770334	0.41104968295093863
2649.298597194389	0.4099435398754301	0.41499831045299856	0.4106403536747941
2688.376753507014	0.4096947689210123	0.41458847866757864	0.41022995455668326
2727.4549098196394	0.4094303961981349	0.41417092722661025	0.4098141512429438
2766.5330661322646	0.4091475727807964	0.4137422025157482	0.4093912450657647
2805.61122244489	0.4088459095283958	0.4133017059502693	0.4089641232700356
2844.6893787575154	0.4085289341413885	0.4128531328003523	0.4085410465273325
2883.7675350701406	0.4082045437028582	0.41240477503396383	0.40813460197591117
2922.845691382766	0.40788393901828396	0.41196819958607106	0.4077587011631201
2961.923847695391	0.40757896295441787	0.411555293229816	0.4074241891563713
3001.0020040080162	0.40729832068092	0.4111742446107644	0.4071342177101046
3040.0801603206414	0.4070436537379677	0.41082552163305647	0.40688080660515785
3079.1583166332666	0.40680669034950917	0.410499116609316	0.4066438558222857
3118.236472945892	0.40656858430629406	0.4101741661104182	0.40639330359706327
3157.314629258517	0.4063020812086094	0.409821522564961	0.4060943166427149
3196.3927855711427	0.4059764357538323	0.4094091010630558	0.40571459195510684
3235.470941883768	0.40556425377696537	0.4089090661358289	0.40523227383597704
3274.549098196393	0.40504886309979043	0.40830537516733545	0.4046427813108217
3313.6272545090183	0.4044305756733806	0.4075999955114642	0.40396301423324854
3352.7054108216435	0.4037303320749988	0.4068162892920204	0.4032318800405113
3391.7835671342687	0.40298966602408987	0.4059985492819911	0.4025067357370839
3430.861723446894	0.4022665865948845	0.4052073601708937	0.40185605380511447
3469.9398797595195	0.40162773071347474	0.4045112314065262	0.40134929690086946
3509.0180360721447	0.4011378705838277	0.40397568214021623	0.401045532013529
3548.09619238477	0.40084844852091744	0.40365153290585404	0.40098263397579464
3587.174348697395	0.40078713017090717	0.40356444663571844	0.40116893221652944
3626.2525050100203	0.4009503121199056	0.40370766229475863	0.40157879958960807
3665.3306613226455	0.401300055938108	0.40403935130318275	0.402153010535959
3704.4088176352707	0.401766123569997	0.404485189344518	0.40280385019173387
3743.486973947896	0.4022528467945561	0.4049457748999472	0.4034241437934785
3782.565130260521	0.402649720197195	0.4053076903078775	0.4038987959134183
3821.6432865731467	0.40284407057661137	0.40545649445234694	0.4041171976310562
3860.721442885772	0.40273401920986135	0.40528983917130956	0.4039849732016434
3899.799599198397	0.40224017237875864	0.4047291557331004	0.40343389098874827
3938.8777555110223	0.40131490673365117	0.40372881065326943	0.4024292058238545
3977.9559118236475	0.3999485902282601	0.4022821103938954	0.4009740974062046
4017.0340681362727	0.39817246791556987	0.40042391744801203	0.3991111444738724
4056.112224448898	0.39605819088869615	0.3982298787486525	0.3969209162378452
4095.1903807615236	0.3937140948757193	0.3958123864417012	0.39451781199619307
4134.268537074149	0.39127840841090017	0.3933134608658647	0.3920433044646008
4173.346693386774	0.38890966797705984	0.39089484605948466	0.38965680960547033
4212.424849699399	0.3867747983815238	0.38872579685723885	0.3875245603224857
4251.503006012024	0.3850355957861682	0.38696932460971656	0.38580710882215746
4290.58116232465	0.3838346859212388	0.38576800840318604	0.38464638130744266
4329.659318637275	0.38328232627723596	0.38523077113901205	0.3841534758145911
4368.7374749498995	0.3834455575754057	0.3854221420961141	0.38439852607024816
4407.815631262525	0.3843410841946335	0.38635537927871694	0.38540386331165477
4446.893787575151	0.3859328400018864	0.3879903764037643	0.38714136044303504
4485.971943887776	0.38813453581065344	0.390236599339519	0.3895342838546659
4525.050100200401	0.3908167351441323	0.3929605394661097	0.3924633265850593
4564.128256513026	0.39381735206576673	0.3959965251510842	0.39577590781057304
4603.206412825652	0.39695406509144654	0.3991593510515072	0.399297435828837
4642.284569138277	0.400037067402602	0.4022571345625752	0.4028431183911287
4681.362725450902	0.4028807983927123	0.405103054905957	0.40622905635846146
4720.440881763528	0.40531372186316916	0.40752506487605367	0.4092816972040734
4759.519038076152	0.40718570038398255	0.4093731549014258	0.41184514522143245
4798.597194388778	0.4083729492093351	0.41052418089029635	0.4137862238018749
4837.675350701403	0.40878086654728685	0.4108845740580184	0.4149974929648269
4876.753507014028	0.4083452079881147	0.4103914136535574	0.41539861391167066
4915.831663326654	0.40703211594927224	0.40901237887926606	0.41493652657739655
4954.909819639279	0.404837463451787	0.40674503883595525	0.4135848905778375
4993.987975951904	0.4017858624761377	0.40361582635849674	0.41134316559574724
5033.066132264529	0.39792955210084496	0.3996789044208513	0.40823560227065164
5072.144288577155	0.3933472433381206	0.3950149946730267	0.4043103000341519
5111.22244488978	0.3881428708285196	0.3897301110078155	0.3996383774071287
5150.300601202405	0.3824440960187327	0.38395403627245694	0.39431320054324354
5189.378757515031	0.3764003298028353	0.377838304933672	0.3884495315283638
5228.456913827656	0.37018000274170554	0.3715534165826195	0.3821823926406684
5267.535070140281	0.36396681659154817	0.36528501337594543	0.3756654009729172
5306.613226452906	0.35795477019225214	0.3592288170240646	0.3690683157933018
5345.691382765532	0.35234187037896975	0.3535842421054717	0.3625735662637373
5384.769539078156	0.3473226110713201	0.3485467783947233	0.3563715964681538
5423.847695390782	0.34307951540701864	0.3442994491559788	0.3506549812199553
5462.925851703407	0.33977425672014905	0.3410038741513727	0.34561142550413376
5502.0040080160325	0.33753906213127444	0.3387916525911239	0.3414159477918239
5541.082164328658	0.3364692107743053	0.3377568854556085	0.33822273631841054
5580.160320641283	0.3366174282280023	0.3379506400069504	0.33615732204648435
5619.2384769539085	0.337990831828667	0.3393780053178879	0.33530979431319247
5658.316633266533	0.34055081137150367	0.3419981110315046	0.3357297645784729
5697.394789579159	0.3442158810575962	0.3457271286794876	0.3374236479086867
5736.472945891784	0.3488671779182195	0.3504439132360222	0.3403545937288825
5775.551102204409	0.3543559796384203	0.3559976425674748	0.3444450950549611
5814.629258517034	0.36051242529486793	0.3622166278559617	0.34958199397626827
5853.70741482966	0.3671545711074471	0.36891742265624944	0.35562333847549454
5892.785571142285	0.3740969919644925	0.3759134426237599	0.3624063770652592
5931.86372745491	0.3811583141052729	0.3830224869091538	0.369755924977204
5970.941883767536	0.3881672877707269	0.3900727780653985	0.37749239391041883
6010.0200400801605	0.39496723458767574	0.3969073638239979	0.385438920062169
6049.098196392786	0.40141889773319334	0.4033869165077603	0.3934272141228653
6088.176352705411	0.40740186389697214	0.40939110511902393	0.40130195337152463
6127.2545090180365	0.4128148099293416	0.4148187970450261	0.40892370920147336
6166.332665330662	0.4175748599509437	0.4195873773850449	0.4161705348056665
6205.410821643287	0.42161633267754844	0.4236314664260298	0.42293842111843594
6244.488977955913	0.4248891274529853	0.42690128352018764	0.42914086777464444
6283.567134268537	0.4273569532986896	0.4293608608312973	0.43470781885981113
6322.645290581163	0.42899555764436564	0.430986262496702	0.439584191747843
6361.723446893788	0.42979106657764166	0.4317639198761784	0.44372819198576446
6400.801603206413	0.4297385098942617	0.4316891550906895	0.4471095665932144
6439.879759519039	0.42884057325043284	0.4307649342299419	0.4497079083637734
6478.957915831664	0.4271065961934485	0.42900086825687	0.4515110884458273
6518.036072144289	0.42455181783566986	0.42641246279030603	0.45251386536835364
6557.114228456914	0.4211968601364131	0.42302060628482985	0.4527166961202441
6596.19238476954	0.417067430797053	0.41885127827372426	0.452124758402635
6635.2705410821645	0.41219422239583026	0.41393545403553317	0.45074718182694523
6674.34869739479	0.4066129805224054	0.40830917822301943	0.4485964785493628
6713.426853707415	0.400364710480034	0.40201377682041856	0.4456881595609285
6752.505010020041	0.393495988997049	0.3950961736687708	0.44204052065324223
6791.583166332666	0.3860593439503757	0.3876092743461289	0.4376745811684422
6830.661322645291	0.3781136611962002	0.3796123762598419	0.4326141583900072
6869.739478957917	0.36972457329521097	0.371171559476722	0.4268860603519858
6908.817635270541	0.3609647805085828	0.36236000838732624	0.4205203795745406
6947.895791583167	0.35191425045318964	0.35325821030763915	0.41355086951249403
6986.973947895792	0.342660239990294	0.3439539743224727	0.4060153841600839
7026.052104208417	0.33329708222198634	0.3345422130187678	0.3979563592012583
7065.130260521042	0.3239256839518209	0.3251244323173459	0.3894213103264561
7104.208416833668	0.3146526857125405	0.3158078814745811	0.38046332094073454
7143.286573146293	0.30558924841059726	0.3067043274259828	0.3711414876547126
7182.364729458918	0.2968494483661322	0.2979284355574594	0.3615212879865298
7221.442885771544	0.28854828603676713	0.28959576270212845	0.3516748310455711
7260.521042084169	0.2807993422021624	0.2818203968493258	0.3416809491831904
7299.599198396794	0.2737121471064199	0.27471230994492063	0.3316250873649016
7338.677354709419	0.26738936029809385	0.2683745225210395	0.32159894810533496
7377.755511022045	0.26192388817134316	0.2629002081915901	0.3116998539879868
7416.83366733467	0.2573960885820324	0.25836988835439473	0.3020297977570354
7455.911823647295	0.25387122362946274	0.25484887898455044	0.29269416219403
7494.989979959921	0.25139731982487495	0.25238514926482924	0.2838001085910017
7534.068136272545	0.25000357796130684	0.25100773455147246	0.27545465320771584
7573.146292585171	0.24969944355067347	0.25072581435389596	0.2677624746377784
7612.224448897796	0.250474405296373	0.2515285222528361	0.26082351982627366
7651.3026052104215	0.2522985381536408	0.253385503471199	0.2547305003003821
7690.380761523047	0.2551237547340057	0.25624818281773387	0.24956639030530364
7729.458917835672	0.2588856800751613	0.2600516569080822	0.2454020522025073
7768.5370741482975	0.26350602540747836	0.2647170852140479	0.24229411923381783
7807.615230460922	0.2688953103028981	0.27015442838441983	0.2402832599020704
7846.693386773548	0.27495577130766047	0.2762653712056506	0.23939293124376645
7885.771543086173	0.2815842985645519	0.2829462712206024	0.23962870103842018
7924.849699398798	0.28867525794265425	0.2900909902834959	0.2409781837771645
7963.927855711423	0.2961230814795869	0.29759349183745387	0.24341159541286603
8003.006012024049	0.3038245395943007	0.30535011753073904	0.24688289162642726
8042.084168336674	0.3116806407131283	0.31326148909574114	0.25133141773007395
8081.162324649299	0.31959813441081353	0.3212340119446694	0.2566839689974397
8120.240480961925	0.32749062052412964	0.3291809833163752	0.2628571407101457
8159.3186372745495	0.3352792875444344	0.3370233286468908	0.26975983872733283
8198.396793587175	0.3428933184377583	0.3446900046434116	0.2772958236941809
8237.474949899799	0.35027001110040035	0.35211811655222397	0.2853661736614869
8276.553106212425	0.35735466465685106	0.359252801056012	0.2938715685818519
8315.63126252505	0.3641002827403309	0.3660469261168969	0.30271432314560087
8354.709418837676	0.37046714184542595	0.3724606559829476	0.311800118990357
8393.787575150302	0.37642226783293803	0.3784609245263327	0.3210394110760554
8432.865731462927	0.38193885758645574	0.3840208539677574	0.33034850414033595
8471.943887775553	0.3869956763722626	0.389119149569047	0.3396503124692981
8511.022044088177	0.39157645515678763	0.3937394945596535	0.3488748291994906
8550.100200400802	0.39566930633246944	0.39786996374665545	0.3579593400048122
8589.178356713426	0.39926617119378355	0.40150246914007925	0.36684842070579327
8628.256513026052	0.40236230817699487	0.40463224659225316	0.3754937597012049
8667.334669338677	0.40495582733711666	0.40725738890671026	0.38385384490635427
8706.412825651303	0.4070472737344617	0.40937842807061353	0.3918935518375316
8745.490981963929	0.408639260263857	0.4109979671251389	0.3995836652887462
8784.569138276554	0.40973614888628757	0.41212036061623847	0.40690036227744264
8823.647294589178	0.4103437781195192	0.4127514414662657	0.4138246790364132
8862.725450901804	0.41046923391790646	0.4128982913821169	0.4203419801221278
8901.80360721443	0.4101206606381184	0.4125690514840053	0.42644144340668416
8940.881763527055	0.40930710857512104	0.4117727696279227	0.43211557094172603
8979.95991983968	0.4080384144994294	0.41051928084328293	0.43735973247723603
9019.038076152305	0.40632511168341817	0.40881911736530185	0.4421717457845888
9058.11623246493	0.40417836603150287	0.40668344486979785	0.44655149583599146
9097.194388777556	0.40160993509536475	0.40412402168552247	0.4505005932760453
9136.272545090182	0.39863214693799487	0.40115317794271205	0.45402207142041484
9175.350701402805	0.3952578959928849	0.3977838117993023	0.457120120164136
9214.428857715431	0.3915006532342387	0.39402940005642245	0.45979985461367345
9253.507014028057	0.3873744881236091	0.38990402062452456	0.46206711591354316
9292.585170340682	0.38289409992370477	0.3854223844264638	0.46392830156894366
9331.663326653308	0.3780748560685103	0.38059987442222387	0.4653902225266618
9370.741482965932	0.37293283535155963	0.3754525895120763	0.4664599843315002
9409.819639278558	0.36748487374318933	0.3699973911230505	0.46714488979551366
9448.897795591183	0.361748610675893	0.3642519503111912	0.4674523607794115
9487.975951903809	0.35574253365046926	0.35823479322423274	0.46738987687191236
9527.054108216433	0.3494860190194734	0.3519653427720681	0.46696492895019853
9566.132264529058	0.34299936680681464	0.345463954352806	0.4661849858031078
9605.210420841684	0.33630382742933057	0.33875194348820115	0.4650574721913749
9644.28857715431	0.32942161820877003	0.33185160324243007	0.46358975690124765
9683.366733466935	0.3223759276069197	0.32478620934151553	0.4617891495161515
9722.44488977956	0.3151909051948564	0.31758001098654054	0.45966290478386684
9761.523046092185	0.30789163548530674	0.3102582054709798	0.4572182335931519
9800.60120240481	0.3005040939261206	0.302846894879706	0.45446231969357265
9839.679358717436	0.293055083578243	0.29537302337164334	0.45140234139577784
9878.757515030062	0.2855721512892382	0.28786429383556456	0.4480454975771953
9917.835671342686	0.27808348252832565	0.28034906306257534	0.44439903739075964
9956.913827655311	0.2706177744688414	0.27285621500012996	0.44047029313277686
9995.991983967937	0.26320408738934153	0.2654150121383286	0.43626671577123305
10035.070140280563	0.25587167500632396	0.25805492562323945	0.4317959126687519
10074.148296593186	0.2486497949402829	0.2508054452834569	0.4270656870559121
10113.226452905812	0.24156750113738368	0.2436958713801689	0.4220840788217337
10152.304609218438	0.23465342070244363	0.23675509052873697	0.4168594061897812
10191.382765531063	0.227935518222566	0.23001133886854966	0.41140030784148623
10230.460921843689	0.2214408512498133	0.223491956152434	0.40571578503400113
10269.539078156313	0.2151953211381315	0.21722313495991838	0.3998152432392257
10308.617234468938	0.2092234238678398	0.21122966968282655	0.39370853280474527
10347.695390781564	0.20354800581369253	0.20553471026084372	0.38740598810757165
10386.77354709419	0.198190029597709	0.2001595258356822	0.38091846463912354
10425.851703406814	0.19316835519682554	0.19512328352696473	0.37425737342635645
10464.92985971944	0.18849954133660807	0.190442847398792	0.36743471216103823
10504.008016032065	0.1841976718914489	0.18613260237872203	0.3604630923785878
10543.08617234469	0.18027421153257506	0.18220430741442434	0.353355762001752
10582.164328657316	0.1767378942312628	0.17866698152019123	0.34612662254461823
10621.24248496994	0.1735946474560755	0.17552682559677038	0.338790240261383
10660.320641282566	0.170847554029137	0.1727871820320161	0.33136185052406397
10699.398797595191	0.16849685266065964	0.17044853314102096	0.3238573547263177
10738.476953907817	0.16653997720240105	0.1685085385210262	0.31629330903877895
10777.55511022044	0.16497163368852708	0.16696211041862968	0.30868690438705304
10816.633266533066	0.16378391330616665	0.16580152527400546	0.30105593708834427
10855.711422845692	0.1629664385938215	0.1650165687554933	0.2934187696681707
10894.789579158318	0.16250653943453358	0.1645947108594221	0.285794281485649
10933.867735470943	0.16238945481747205	0.16452130704909215	0.27820180892470886
10972.945891783567	0.1625985559018084	0.1647798209603947	0.2706610750590428
11012.024048096193	0.1631155856402492	0.1653520639181358	0.26319210886925787
11051.102204408819	0.1639209101047713	0.16621844638705024	0.2558151542796223
11090.180360721444	0.1649937766979371	0.1673582365173157	0.24855056948576698
11129.258517034068	0.1663125746142416	0.16874982112209827	0.24141871725976652
11168.336673346694	0.1678550932189177	0.1703709647249681	0.2344398471401416
11207.41482965932	0.16959877441268792	0.1721990627149573	0.22763397063563925
11246.492985971945	0.17152095552589486	0.17421138512157675	0.2210207307866391
11285.57114228457	0.17359909980814442	0.17638530804570907	0.21461926762954117
11324.649298597195	0.17581101212618147	0.17869853033032848	0.20844808129026426
11363.72745490982	0.17813503802988778	0.18112927360480424	0.20252489458561476
11402.805611222446	0.18055024487542398	0.18365646436838257	0.19686651712892056
11441.883767535071	0.18303658418852028	0.18625989727598546	0.19148871301267492
11480.961923847697	0.1855750348979311	0.18892037924009697	0.1864060741708814
11520.040080160321	0.1881477274601715	0.1916198543573887	0.18163190150354272
11559.118236472947	0.19073804922645976	0.1943415100025231	0.17717809577319765
11598.196392785572	0.19333073166979806	0.19706986470224136	0.17305506015828553
11637.274549098198	0.19591192029466456	0.1997908386110755	0.16927161617222025
11676.352705410822	0.19846922819723717	0.202491807558829	0.16583493443404718
11715.430861723447	0.20099177433510107	0.20516164173415613	0.16275048151211124
11754.509018036073	0.20347020760829676	0.2077907301142007	0.16002198376368218
11793.587174348699	0.20589671785504463	0.21037099175423465	0.15765140876969186
11832.665330661324	0.20826503483306047	0.21289587502090582	0.15563896462453786
11871.743486973948	0.210570416198508	0.21536034579553795	0.1539831169967126
11910.821643286574	0.2128096254165237	0.21776086559715038	0.15268062353744163
11949.8997995992	0.21498090044678933	0.2200953604854462	0.15172658489180788
11988.977955911825	0.21708391395141638	0.22236318150830742	0.15111451126947065
12028.056112224449	0.21911972567585064	0.22456505736209045	0.1508364032683634
12067.134268537075	0.22109072756202475	0.22670303984134102	0.15088284542142236
12106.2124248497	0.2230005820706972	0.2287804425717154	0.1512431107584932
12145.290581162326	0.22485415412044749	0.2308017734495461	0.1519052745462437
12184.368737474952	0.22665743699699595	0.23277266115638723	0.15285633528936188
12223.446893787575	0.22841747255041467	0.23469977607910122	0.1540823410459919
12262.525050100201	0.23014226598063992	0.23659074594690277	0.15556851912686803
12301.603206412827	0.23184069551412181	0.23845406649675935	0.1572994073072428
12340.681362725452	0.2335224172960714	0.24029900749754438	0.15925898477846667
12379.759519038078	0.23519776586283847	0.242135514500303	0.16143080119614953
12418.837675350702	0.2368776506155899	0.2439741067354452	0.16379810233780398
12457.915831663327	0.23857344878749737	0.24582577164517636	0.16634395105812597
12496.993987975953	0.24029689547901475	0.24770185661822489	0.16905134241798433
12536.072144288579	0.24205997142594202	0.24961395858038699	0.17190331205750803
12575.150300601203	0.24387478925899886	0.25157381218468594	0.17488303707854114
12614.228456913828	0.24575347910702336	0.2535931774347998	0.17797392889210026
12653.306613226454	0.24770807448415205	0.2556837276603124	0.1811597176678866
12692.38476953908	0.24975039947996383	0.2578569388378579	0.18442452819191907
12731.462925851705	0.2518919583357913	0.26012398131390535	0.1877529470921471
12770.541082164329	0.2541438285363649	0.26249561502871877	0.19113008152871086
12809.619238476955	0.2565165585697785	0.2649820893633884	0.1945416095640951
12848.69739478958	0.2590200715074935	0.26759304872981515	0.19797382252840473
12887.775551102206	0.2616635755279063	0.2703374449951573	0.20141365977648903
12926.85370741483	0.2644554824503278	0.2732234577763779	0.20484873629727748
12965.931863727455	0.26740333526134635	0.27625842355719493	0.20826736368254736
13005.010020040081	0.2705137455035696	0.279448774469978	0.21165856499367108
13044.088176352707	0.2737923412597811	0.28279998745115803	0.21501208408229375
13083.166332665332	0.2772437263066089	0.2863165443237094	0.21831838992592623
13122.244488977956	0.2808714508359885	0.29000190318829844	0.22156867653387644
13161.322645290582	0.2846779939537479	0.29385848132069703	0.22475485896439634
13200.400801603208	0.28866475796884233	0.29788764958228386	0.22786956597204677
13239.478957915833	0.2928320742901576	0.3020897381586505	0.23090612977660152
13278.557114228457	0.29717922055499923	0.30646405325413667	0.2338585734126913
13317.635270541083	0.3017044484316581	0.31100890419304766	0.2367215960841436
13356.713426853708	0.30640502137161063	0.3157216402163574	0.23949055690969087
13395.791583166334	0.31127726144009443	0.3205986961202749	0.24216145740835326
13434.86973947896	0.31631660423108865	0.3256356457637	0.24473092303424115
13473.947895791584	0.32151766077513283	0.33082726237787996	0.24719618403236548
13513.02605210421	0.3268742852802328	0.33616758454516094	0.24955505584994214
13552.104208416835	0.332379647505399	0.34164998667510343	0.2518059193020044
13591.18236472946	0.3380263085539565	0.34726725279505993	0.2539477006562825
13630.260521042084	0.3438062988888697	0.35301165248717137	0.2559798517705059
13669.33867735471	0.34971119741093887	0.35887501784264186	0.25790233038571686
13708.416833667336	0.35573221050235126	0.3648488203642017	0.2597155806519675
13747.494989979961	0.36186025001714817	0.3709242468258233	0.26142051393797416
13786.573146292587	0.36808600929546215	0.377092273191282	0.2630184899539375
13825.65130260521	0.3744000363832414	0.38334373579659464	0.26451129819680624
13864.729458917836	0.3807928037533233	0.3896693991119105	0.26590113970971985
13903.807615230462	0.3872547739399803	0.39606001951265946	0.2671906091321811
13942.885771543088	0.39377646061713406	0.40250640460444786	0.2683826770045982
13981.963927855713	0.4003484847655271	0.40899946775839285	0.2694806722801456
14021.042084168337	0.4069616256840334	0.41553027762091616	0.27048826498836226
14060.120240480963	0.4136068667037339	0.4220901024623736	0.27140944898841285
14099.198396793588	0.4202754355577721	0.4286704493207655	0.2722485247454734
14138.276553106214	0.4269588394443203	0.4352630979790363	0.27301008206114963
14177.354709418838	0.43364889489434993	0.4418601298863617	0.27369898268812026
14216.432865731464	0.4403377526189142	0.44845395219517675	0.2743203427602705
14255.51102204409	0.44701791756293824	0.4550373171363254	0.27487951497233715
14294.589178356715	0.4536822644341795	0.4616033369951836	0.2753820704474609
14333.66733466934	0.46032404900764845	0.4681454949821905	0.27583378023694605
14372.745490981964	0.46693691552851085	0.47465765231283025	0.2762405964038472
14411.82364729459	0.4735149005498509	0.48113405182549157	0.2766086326506799
14450.901803607216	0.48005243354858046	0.4875693184716876	0.27694414446140636
14489.979959919841	0.48654433466256514	0.49395845701284136	0.2772535087388129
14529.058116232465	0.49298580988613766	0.5002968472522048	0.2775432029302898
14568.13627254509	0.4993724440512474	0.5065802371202671	0.27781978364770366
14607.214428857716	0.5057001919071862	0.5128047339183617	0.27808986480032694
14646.292585170342	0.511965367595192	0.5189667940086207	0.27836009527351596
14685.370741482968	0.5181646327953174	0.525063211219938	0.27863713619972946
14724.448897795592	0.5242949838023815	0.5310911042196992	0.27892763788240943
14763.527054108217	0.5303537377667731	0.5370479030803801	0.2792382164469276
14802.605210420843	0.5363385183145245	0.5429313352491395	0.2795754303060307
14841.683366733469	0.5422472407395272	0.5487394111077155	0.2799457565397309
14880.761523046094	0.5480780969396932	0.5544704092895671	0.2803555673011621
14919.839679358718	0.5538295402491159	0.5601228619015567	0.28081110637031514
14958.917835671344	0.5595002702989846	0.5656955397788141	0.2813184659865628
14997.99599198397	0.5650892180214073	0.5711874378838008	0.2818835640982439
15037.074148296595	0.5705955308943605	0.5765977609442386	0.28251212217316746
15076.152304609219	0.5760185585095876	0.581925909409398	0.28320964371749335
15115.230460921844	0.5813578385314648	0.5871714657904293	0.28398139365196545
15154.30861723447	0.5866130831019356	0.5923341814378293	0.2848323786937836
15193.386773547096	0.5917841657345781	0.5974139637978787	0.2857673288894934
15232.464929859721	0.596871108731187	0.6024108641797333	0.2867906804390641
15271.543086172345	0.6018740711441881	0.6073250660559917	0.28790655994393016
15310.621242484971	0.6067933373009384	0.6121568739116844	0.28911877020219195
15349.699398797597	0.611629305898313	0.6169067026498138	0.2904307776625772
15388.777555110222	0.6163824796703676	0.6215750675557384	0.29184570163531914
15427.855711422846	0.6210534556263019	0.6261625748176282	0.2933663053429515
15466.933867735472	0.6256429158520219	0.6306699125960379	0.2949949888775252
15506.012024048097	0.6301516188644314	0.6350978426321218	0.2967337841130255
15545.090180360723	0.6345803915052793	0.6394471923811194	0.2985843516032614
15584.168336673349	0.6389301213582141	0.6437188476554598	0.300547979476405
15623.246492985973	0.6432017496715305	0.6479137457599886	0.3026255843180908
15662.324649298598	0.6473962647672645	0.652032869100505	0.30481771401581625
15701.402805611224	0.651514695916322	0.6560772392457429	0.3071245525186325
15740.48096192385	0.6555581076587478	0.6600479114223563	0.30954592644815665
15779.559118236473	0.6595275945477773	0.6639459694220236	0.31208131347995954
15818.637274549099	0.6634242762962221	0.667772520899722	0.3147298523987233
15857.715430861725	0.6672492933036116	0.671528693042271	0.31749035471644177
15896.79358717435	0.6710038025431995	0.6752156285864819	0.32036131773048043
15935.871743486976	0.6746889737878088	0.6788344821666847	0.3233409388877932
15974.9498997996	0.678305986154343	0.6823864169718439	0.3264271313129922
16014.028056112225	0.681856024947271	0.6858726016931134	0.3296175403514461
16053.106212424851	0.6853402787821454	0.6892942077433115	0.3329095609741255
16092.184368737477	0.6887599369707662	0.6926524067305285	0.3363003558885184
16131.2625250501	0.692116187150586	0.6959483681688089	0.339786874199525
16170.340681362726	0.6954102131415143	0.6991832574096245	0.3433658704657885
16209.418837675352	0.6986431930143626	0.7023582337786566	0.34703392400017924
16248.496993987977	0.7018162973556219	0.7054744489031595	0.35078745826815855
16287.575150300603	0.7049306877143807	0.7085330452159987	0.3546227602441332
16326.653306613227	0.7079875152178544	0.711535154623173	0.35853599959365595
16365.731462925853	0.7109879193426847	0.714481897322454	0.3625232475581517
16404.809619238476	0.713933026830068	0.7173743807614561	0.36658049542854815
16443.887775551106	0.7168239507334966	0.7202136987241793	0.3707036725046156
16482.965931863728	0.7196617895884317	0.7230009305357699	0.3748886634477054
16522.044088176353	0.7224476266940567	0.7257371403758758	0.37913132494579543
16561.12224448898	0.7251825294979959	0.728423376691624	0.38342750162105566
16600.200400801605	0.7278675490751144	0.731060671701841	0.3877730411214484
16639.27855711423	0.730503719692669	0.7336500409847113	0.3921638083489166
16678.356713426852	0.733092058454073	0.736192483141609	0.39659569878748097
16717.43486973948	0.735633565014474	0.7386889795303551	0.40106465090484156
16756.513026052104	0.7381292213616254	0.7411404940616239	0.40556665761079735
16795.591182364733	0.7405799916560996	0.7435479730527148	0.410097776764932
16834.669338677355	0.7429868221253251	0.7459123451332794	0.4146541407343849
16873.74749498998	0.7453506410062207	0.7482345211980459	0.41923196501022975
16912.825651302606	0.7476723585317534	0.7505153944019446	0.42382755589785437
16951.903807615232	0.74995286695708	0.7527558401933758	0.42843731730289947
16990.981963927858	0.7521930406212115	0.7549567163817176	0.4330577566396255
17030.060120240483	0.7543937360403801	0.757118863235469	0.43768548989318556
17069.13827655311	0.7565557920298734	0.7592431036076976	0.44231724587110516
17108.216432865735	0.7586800298510135	0.761330243085759	0.4469498696823913
17147.294589178357	0.7607672533805505	0.7633810701624894	0.45158032548516647
17186.372745490982	0.7628182492996545	0.76539635642627	0.45620569854551046
17225.450901803608	0.7648337873002058	0.7673768567676652	0.4608231966514436
17264.529058116234	0.7668146203061357	0.7693233096004268	0.46543015092669904
17303.60721442886	0.7687614847077215	0.7712364370949388	0.47002401608911815
17342.685370741485	0.7706751006070459	0.7731169454222798	0.4746023701983067
17381.76352705411	0.7725561720728811	0.7749655250072662	0.479162913936611
17420.841683366736	0.7744053874035497	0.7767828507890043	0.4837034694665203
17459.91983967936	0.7762234193961692	0.7785695824875709	0.4882219789064239
17498.997995991984	0.7780109256212562	0.7803263648756058	0.49271650246519455
17538.07615230461	0.7797685487012923	0.7820538280536834	0.4971852162744634
17577.154308617235	0.7814969165923691	0.7837525877284829	0.501626409955639
17616.23246492986	0.7831966428679292	0.7854232454928075	0.5060384839568408
17655.310621242486	0.7848683270037164	0.787066389106658	0.5104199466929514
17694.388777555112	0.7865125546631533	0.7886825927786008	0.5147694115199102
17733.466933867738	0.7881298979825884	0.7902724174467914	0.5190855935723824
17772.545090180363	0.7897209158555538	0.7918364110590245	0.5233673064918052
17811.62324649299	0.791286154215768	0.7933751088513135	0.527613459069827
17850.70140280561	0.7928261463181971	0.7948890336245037	0.5318230518301145
17889.779559118237	0.7943414130177416	0.7963786960185195	0.5359951735695632
17928.857715430862	0.7958324630453428	0.7978445947838589	0.5401289978780386
17967.935871743488	0.7972997932809127	0.7992872170500238	0.5442237796539796
18007.014028056114	0.7987438890230046	0.8007070385906027	0.5482788516314172
18046.09218436874	0.8001652242548782	0.8021045240847477	0.5522936209323336
18085.170340681365	0.801564261906743	0.8034801273748566	0.5562675656567182
18124.24849699399	0.8029414541139691	0.8048342917202527	0.5602002315211748
18163.326653306616	0.8042972424711773	0.8061674500467316	0.564091228555594
18202.40480961924	0.8056320582819919	0.8074800251918397	0.5679402278660851
18241.482965931864	0.806946322804405	0.8087724301457807	0.5717469584711679
18280.56112224449	0.8082404474916246	0.8100450682878676	0.5755112042171405
18319.639278557115	0.8095148342283746	0.8112983336184643	0.5792328007775096
18358.71743486974	0.8107698755625751	0.8125326109863559	0.5829116327404121
18397.795591182366	0.8120059549323485	0.8137482763115349	0.5865476307871643
18436.873747494992	0.8132234468883941	0.8149456968033759	0.5901407689642437
18475.951903807618	0.8144227173116507	0.8161252311741942	0.5936910620503538
18515.030060120243	0.8156041236263069	0.8172872298482	0.5971985630195599
18554.108216432865	0.8167680150081481	0.8184320351658647	0.6006633606009629
18593.18637274549	0.8179147325882766	0.8195599815837261	0.6040855769348351
18632.264529058117	0.8190446096522085	0.8206713958696619	0.6074653653247338
18671.342685370742	0.8201579718344464	0.8217665972936757	0.6108029080847026
18710.420841683368	0.821255137308519	0.822845897814245	0.6140984144803445
18749.498997995994	0.8223364169725594	0.8239096022602832	0.6173521187622328
18788.57715430862	0.8234021146304636	0.824958008508763	0.6205642782899202
18827.655310621245	0.8244525271687655	0.8259914076580777	0.6237351717445405
18866.73346693387	0.8254879447291241	0.8270100841971992	0.6268650974278727
18905.811623246493	0.8265086508767565	0.8280143161706928	0.6299543716455298
18944.88977955912	0.8275149227645633	0.8290043753396712	0.6330033271719055
18983.967935871744	0.8285070312933022	0.8299805273387493	0.6360123117943205
19023.04609218437	0.8294852412677477	0.8309430318290851	0.6389816869338252
19062.124248496995	0.8304498115488804	0.8318921426475708	0.6419118263400179
19101.20240480962	0.831400995202326	0.8328281079522547	0.6448031148572467
19140.280561122247	0.832339039642931	0.8337511703640755	0.6476559472595116
19179.358717434872	0.833264186775755	0.8346615671049776	0.650470727151429
19218.436873747498	0.8341766731333901	0.8355595301324938	0.6532478659325958
19257.515030060124	0.8350767300097746	0.8364452862708581	0.655987781822752
19296.593186372746	0.835964583590564	0.8373190573387579	0.6586908989451543
19335.67134268537	0.8368404550801387	0.8381810602737491	0.6613576464656175
19374.749498997997	0.83770456082529	0.839031507253479	0.6639884577847467
19413.827655310623	0.8385571124357246	0.8398706058137263	0.6665837697809236
19452.905811623248	0.839398316901423	0.8406985589633748	0.6691440221016831
19491.983967935874	0.8402283767069073	0.8415155652963893	0.6716696565011683
19531.0621242485	0.8410474899425588	0.8423218191008544	0.6741611162214352
19570.140280561125	0.8418558504130144	0.8431175104651552	0.6766188454154405
19609.21843687375	0.8426536477426756	0.8439028253813707	0.6790432886096088
19648.296593186373	0.8434410674785064	0.8446779458459588	0.6814348902039742
19687.374749499	0.8442182911901067	0.8454430499577829	0.6837940940079267
19726.452905811624	0.8449854965671301	0.846198312013562	0.6861213428097166
19765.53106212425	0.8457428575141726	0.846943902600817	0.6884170779778791
19804.609218436875	0.8464905442431475	0.8476799886883485	0.6906817390928882
19843.6873747495	0.8472287233632183	0.8484067337143485	0.6929157636073494
19882.765531062127	0.8479575579683843	0.849124297672183	0.6951195865331695
19921.843687374752	0.8486772077227245	0.8498328371939107	0.6972936401541667
19960.921843687378	0.8493878289434348	0.8505325056316052	0.6994383537626783
20000.0	0.8500895746816628	0.8512234531365348	0.7015541534187877
