500.0	6.203140647173864	3.542736709824161	0.3523831628828989	1.5745908290900341
539.0781563126252	5.8318239068298245	2.969774799470529	0.2942021632358669	1.9643763822707883
578.1563126252505	5.535267904557688	2.497180603098104	0.2587804305996636	2.4122573330498693
617.2344689378758	5.272832041809707	2.096604718460531	0.23878223439603952	2.919491402182686
656.312625250501	5.018909665791884	1.7590017098206305	0.23185749520512824	3.4857084540021503
695.3907815631262	4.753037567037406	1.4842523819928954	0.2389113774499928	4.108584016139391
734.4689378757515	4.454257618484148	1.2765877149688065	0.2643796266940483	4.783577004657208
773.5470941883768	4.095948360140643	1.142120206238316	0.318461260590648	5.503781637124186
812.625250501002	3.6384841351441977	1.087242342968292	0.42328084827115253	6.2599419376701135
851.7034068136272	3.016059880596015	1.1174471313553287	0.6298788972969379	7.040665278801892
890.7815631262525	2.1125151920911875	1.2364256670497453	1.071047016584155	7.832848375459897
929.8597194388778	0.7430269164129994	1.4454183050812401	2.154555442037715	8.622297598682877
968.937875751503	-0.9379396770450553	1.7428381933903405	5.3208066280565	9.394491426911712
1008.0160320641282	2.328338000735801	2.124185430349332	12.442870372070022	10.13540455293526
1047.0941883767537	11.37861916017625	2.582245835530184	9.574469020714535	10.832298536910782
1086.1723446893789	11.668625230091994	3.1075348108391787	4.4614358346913185	11.47438759418981
1125.250501002004	10.510807400278011	3.688916557683519	2.4401813548172044	12.053309569695418
1164.3286573146293	9.625150892127307	4.314311174176214	1.564762749535195	12.563365684554366
1203.4068136272545	9.008554748278055	4.9714009408585165	1.1161636448343193	13.0015295394728
1242.4849699398799	8.56780434116618	5.648261053246395	0.8552675785111052	13.36725752273594
1281.563126252505	8.240665301453193	6.3338638649059344	0.6889948922550054	13.662153370408543
1320.6412825651303	7.989510729268652	7.018432584620134	0.5755927141929958	13.88954729714683
1359.7194388777557	7.791179280777586	7.693644417798018	0.4941393938001639	14.05404652997589
1398.797595190381	7.630875895097966	8.352700712125655	0.4332084230955639	14.161102995970818
1437.875751503006	7.498786418706586	8.990291628684956	0.386118632622303	14.216629556217063
1476.9539078156313	7.388173981026264	9.602486015296444	0.34874222527385546	14.2266820196462
1516.0320641282565	7.294272809152622	10.186575348099039	0.3184106891257361	14.19721240552227
1555.110220440882	7.213621890075085	10.74089589442849	0.2933322726958253	14.133890476844808
1594.188376753507	7.143649572575567	11.264647397573603	0.2722646391384448	14.041985417287925
1633.2665330661323	7.082406356213805	11.757720829196037	0.25432231805654787	13.926297109406661
1672.3446893787577	7.028388083001938	12.220542804951954	0.23885892435314554	13.791126031322362
1711.422845691383	6.980415950326658	12.65394039949578	0.2253926266461944	13.640271589340141
1750.5010020040081	6.937553217996437	13.059027336651797	0.2135575645009953	13.477050150913533
1789.5791583166333	6.899046198877552	13.437110725639236	0.20307134143235434	13.304325713350867
1828.6573146292585	6.864281679749614	13.78961646217606	0.1937127634234532	13.124547772546915
1867.735470941884	6.8327556840362265	14.118030909360725	0.18530627407904768	12.93979239889834
1906.8136272545091	6.804050207869857	14.423856339941212	0.17771086693105165	12.751803725325388
1945.8917835671343	6.777815655251767	14.708577719191096	0.17081205266449667	12.562033998670149
1984.9699398797597	6.753757409042893	14.973638633909413	0.16451594967363573	12.371681063200565
2024.048096192385	6.731625445380276	15.220424457965098	0.15874487545628202	12.18172266869987
2063.12625250501	6.711206216495188	15.45025114333359	0.15343401526946499	11.992947363596965
2102.2044088176353	6.692316244345063	15.664358311042305	0.14852887498864356	11.805981981075192
2141.2825651302605	6.674797018690468	15.863905574754213	0.14398331229224925	11.621315883268002
2180.3607214428857	6.658510899889906	16.049971254927094	0.13975799948632403	11.439322219928744
2219.4388777555114	6.643337802869184	16.223552832570693	0.13581921208728684	11.260276502314847
2258.517034068136	6.629172493805827	16.385568650263828	0.13213786580435571	11.08437280473662
2297.595190380762	6.615922371346432	16.536860497213347	0.12868874476353276	10.91173789580714
2336.673346693387	6.603505633936451	16.678196818017337	0.12544987829534943	10.742443576553732
2375.751503006012	6.591849757050337	16.81027636459723	0.12240203410652606	10.576517468818926
2414.8296593186374	6.580890220835883	16.93373217033401	0.11952830334749094	10.413952458996757
2453.9078156312626	6.570569441392908	17.049135767315672	0.11681375877960058	10.2547149624339
2492.985971943888	6.560835868638637	17.15700159411028	0.11424517149733765	10.098752135527766
2532.064128256513	6.5516432212235465	17.257791554926683	0.11181077486423999	9.94599812805415
2571.1422845691386	6.542949834801645	17.351919693853123	0.10950006675521827	9.796379439585868
2610.220440881764	6.534718104531007	17.439756942754443	0.1073036430616194	9.64981942262922
2649.298597194389	6.526914006282835	17.521635891294558	0.10521305685306918	9.506241962333092
2688.376753507014	6.519506683893714	17.59785551551091	0.10322069870696042	9.365574358600323
2727.4549098196394	6.512468092073615	17.66868579040805	0.10131969458982582	9.227749440571555
2766.5330661322646	6.505772686409281	17.734372104800812	0.0995038183621546	9.092706954305006
2805.61122244489	6.499397153375565	17.79513939509812	0.09776741652235924	8.96039427983845
2844.6893787575154	6.493320174461126	17.851195919933147	0.09610534323888473	8.83076655100337
2883.7675350701406	6.48752221948693	17.9027366095306	0.09451290406633979	8.703786267554957
2922.845691382766	6.481985364991309	17.94994594146609	0.09298580702069983	8.579422501848228
2961.923847695391	6.476693134208743	17.993000316215998	0.09152011991442655	8.457649809521412
3001.0020040080162	6.47163035570888	18.032069929332163	0.09011223303584555	8.33844695439855
3040.0801603206414	6.466783038208981	18.067320159812404	0.08875882640692026	8.221795551998051
3079.1583166332666	6.4621382594447825	18.09891251414042	0.08745684097639694	8.107678724402541
3118.236472945892	6.4576840672948626	18.12700518094105	0.08620345320642452	7.996079843230866
3157.314629258517	6.453409391613698	18.15175326133681	0.08499605259437149	7.886981418846302
3196.3927855711427	6.449303965447155	18.17330874470978	0.08383222174094968	7.780364174589296
3235.470941883768	6.445358254488451	18.191820299104002	0.08270971863355651	7.676206326400849
3274.549098196393	6.4415633937887655	18.207432940834067	0.08162646086207276	7.5744830719935345
3313.6272545090183	6.437911130869056	18.220287640134863	0.08058051152488797	7.4751662805631005
3352.7054108216435	6.43439377449238	18.23052091010053	0.07957006661704298	7.378224364286542
3391.7835671342687	6.431004148452328	18.238264415829462	0.07859344372118905	7.283622306496763
3430.861723446894	6.427735549815577	18.243644630539315	0.07764907184646139	7.191321818135041
3469.9398797595195	6.42458171112729	18.246782556121104	0.07673548228109248	7.101281593348247
3509.0180360721447	6.421536766148991	18.24779351759665	0.07585130034224946	7.013457636321846
3548.09619238477	6.418595218751106	18.24678703444025	0.07499523792166617	6.927803634023489
3587.174348697395	6.415751914627683	18.24386676675414	0.07416608673856305	6.844271352935079
3626.2525050100203	6.413002015540324	18.239130530753275	0.07336271222244903	6.762811041622106
3665.3306613226455	6.410340975832407	18.232670375739012	0.07258404795795324	6.6833718247815135
3704.4088176352707	6.407764520984585	18.224572713508408	0.07182909063208633	6.605902077978555
3743.486973947896	6.405268628008483	18.214918490728287	0.07109689543146609	6.530349775473972
3782.565130260521	6.402849507498203	18.203783394988687	0.0703865718432305	6.4566628062755385
3821.6432865731467	6.400503587179202	18.19123808585054	0.0696972798187405	6.384789255797575
3860.721442885772	6.398227496811513	18.177348443061263	0.06902822626385903	6.314677652294058
3899.799599198397	6.396018054319725	18.162175825106093	0.06837866182368199	6.246277178585302
3938.8777555110223	6.393872253035527	18.14577733229983	0.06774787793317107	6.1795378505794805
3977.9559118236475	6.391787249950726	18.12820606963703	0.06713520410827485	6.114410664757365
4017.0340681362727	6.389760354889034	18.109511405566302	0.0665400054548721	6.050847717200899
4056.112224448898	6.387789020514442	18.089739223708584	0.0659616803752958	5.988802296957851
4095.1903807615236	6.385870833102074	18.068932165289677	0.06539965845432422	5.928228956594238
4134.268537074149	6.384003504005001	18.04712986069902	0.06485339850841298	5.869083562734396
4173.346693386774	6.3821848617568575	18.024369149124375	0.06432238678360362	5.811323329259489
4212.424849699399	6.380412844756047	18.000684285652902	0.06380613528902053	5.75490683565568
4251.503006012024	6.378685494482482	17.97610713558287	0.06330418025417667	5.699794032794465
4290.58116232465	6.377000949202477	17.950667355967916	0.06281608069947181	5.645946238205428
4329.659318637275	6.375357438121558	17.92439256462829	0.062341417110300446	5.593326122677684
4368.7374749498995	6.3737532759486895	17.897308497020923	0.06187979020611187	5.5418976898085175
4407.815631262525	6.3721868578387735	17.869439151472744	0.06143081979658651	5.491626249911835
4446.893787575151	6.370656654683261	17.840806923356723	0.06099414371782986	5.442478389508125
4485.971943887776	6.369161208721422	17.811432728836557	0.06056941684214462	5.394421937443575
4525.050100200401	6.367699129447298	17.78133611882832	0.06015631015553315	5.34742592852945
4564.128256513026	6.366269089789473	17.75053538383295	0.05975450989761214	5.301460565453571
4603.206412825652	6.364869822542835	17.719047650284587	0.059363716759098524	5.256497179592938
4642.284569138277	6.363500117033329	17.686888969041952	0.05898364513245655	5.212508191249457
4681.362725450902	6.362158815998192	17.654074396624488	0.05861402241167988	5.169467069737591
4720.440881763528	6.36084481266577	17.620618069765378	0.05825458833753441	5.127348293672851
4759.519038076152	6.35955704802026	17.586533273820706	0.05790509438490168	5.0861273117413806
4798.597194388778	6.358294508237957	17.551832505540027	0.057565303189147786	5.045780504172726
4837.675350701403	6.3570562222826625	17.51652753066901	0.05723498800870124	5.006285145088434
4876.753507014028	6.355841259648944	17.480629436820717	0.05691393222125796	4.96761936585778
4915.831663326654	6.354648728242793	17.444148682018906	0.056601928851242364	4.92976211955726
4954.909819639279	6.353477772390111	17.40709513928482	0.05629878012634913	4.892693146601614
4993.987975951904	6.3523275709641425	17.36947813760888	0.056004297061162764	4.856392941590464
5033.066132264529	6.3511973356237315	17.331306499620155	0.05571829906601442	4.82084272139517
5072.144288577155	6.350086309154863	17.292588576239833	0.055440613579380175	4.786024394494622
5111.22244488978	6.348993763908505	17.253332278580352	0.05517107572225682	4.751920531556015
5150.300601202405	6.347919000328388	17.213545107328848	0.054909527973074704	4.7185143372464715
5189.378757515031	6.346861345562705	17.17323417983257	0.05465581986181627	4.685789623253427
5228.456913827656	6.345820152154281	17.13240625508444	0.05440980768211108	4.653730782485533
5267.535070140281	6.344794796804091	17.091067756789332	0.054171354220171476	4.622322764421224
5306.613226452906	6.3437846792034005	17.04922479467524	0.053940328499517444	4.591551051568712
5345.691382765532	6.3427892209301575	17.006883184198884	0.053716605540517964	4.561401636998791
5384.769539078156	6.341807864405547	16.96404846478157	0.05350006613384788	4.531861002910382
5423.847695390782	6.340840071906961	16.92072591669914	0.053290596627025254	4.502916100187888
5462.925851703407	6.339885324633824	16.876920576738378	0.053088088723254566	4.4745543289091705
5502.0040080160325	6.338943121823055	16.832637252722357	0.052892439291857885	4.446763519763133
5541.082164328658	6.3380129799111025	16.787880536997783	0.052703550189626844	4.419531916336419
5580.160320641283	6.3370944317397075	16.742654818969303	0.05252132809247607	4.39284815822953
5619.2384769539085	6.33618702580281	16.696964296757894	0.052345684336823295	4.366701264963629
5658.316633266533	6.335290325532064	16.650812988053804	0.05217653477016038	4.341080620640523
5697.394789579159	6.3344039086187305	16.604204740228145	0.05201379961031874	4.315975959319458
5736.472945891784	6.333527366369793	16.55714323976175	0.05185740331296684	4.2913773510758855
5775.551102204409	6.332660303096275	16.50963202104454	0.05170727444690852	4.267275188708506
5814.629258517034	6.33180233553191	16.46167447459435	0.0515633455767828	4.243660175062536
5853.70741482966	6.330953092280424	16.41327385473962	0.051425553152791625	4.220523310938386
5892.785571142285	6.33011221328979	16.364433286806772	0.0512938374071094	4.19785588355641
5931.86372745491	6.329279349351911	16.315155773849213	0.05116814225665046	4.175649455549798
5970.941883767536	6.328454161626339	16.265444202953148	0.0510484152118946	4.153895854458941
6010.0200400801605	6.327636321186656	16.215301351149606	0.05093460729149046	4.132587162702012
6049.098196392786	6.326825508588285	16.164729890963244	0.05082667294237626	4.111715707997687
6088.176352705411	6.326021413456528	16.113732395623007	0.05072456996517538	4.091274054217218
6127.2545090180365	6.325223734093765	16.06231134395926	0.050628259444641936	4.071254992644187
6166.332665330662	6.324432177104744	16.0104691250095	0.050537705684946026	4.051651533621511
6205.410821643287	6.323646457039011	15.958208042353016	0.050452876149604094	4.03245689856614
6244.488977955913	6.322866296049555	15.90553031819329	0.05037374140587389	4.013664512333156
6283.567134268537	6.322091423566819	15.85243809720544	0.05030027507344582	3.9952679959117496
6322.645290581163	6.321321575987278	15.798933450164663	0.05023245377727538	3.9772611594366563
6361.723446893788	6.3205564963757945	15.74501837737032	0.05017025710441257	3.959637995499342
6400.801603206413	6.319795934181106	15.690694811879343	0.050113667564695624	3.9423926727442344
6439.879759519039	6.319039644963679	15.635964622561366	0.05006267055518561	3.925519529735953
6478.957915831664	6.318287390135392	15.580829616987293	0.050017254328229684	3.9090130690843115
6518.036072144289	6.317538936710409	15.525291544161972	0.049977409963048565	3.892867951814568
6557.114228456914	6.3167940570666845	15.469352097110965	0.049943131340753656	3.8770789919710675
6596.19238476954	6.316052528717582	15.413012915330514	0.049914415122706245	3.861641151443003
6635.2705410821645	6.315314134093125	15.356275587109335	0.0498912607321412	3.846549535001728
6674.34869739479	6.3145786603304	15.299141651730185	0.04987367033898216	3.8317993855395107
6713.426853707415	6.313845899072668	15.241612601558442	0.04986164884778569	3.817386079500235
6752.505010020041	6.313115646276781	15.183689884024634	0.04985520388875581	3.8033051224929713
6791.583166332666	6.312387702028545	15.125374903507284	0.04985434581177915	3.7895521450799317
6830.661322645291	6.311661870365577	15.066669023121914	0.04985908768343559	3.776122898730668
6869.739478957917	6.310937959107424	15.007573566421808	0.049869445286946854	3.763013251934833
6908.817635270541	6.310215779692535	14.948089819015609	0.049885437125030324	3.750219186466251
6947.895791583167	6.309495147021817	14.888219030106596	0.04990708442563132	3.7377367937913695
6986.973947895792	6.308775879308483	14.827962413958094	0.049934411150512885	3.725562271615588
7026.052104208417	6.308057797933934	14.767321151289162	0.04996744400668769	3.713691920561202
7065.130260521042	6.307340727309392	14.706296390604557	0.050006212460680606	3.702122140971124
7104.208416833668	6.306624494743086	14.644889249462508	0.05005074875561738	3.6908494298327463
7143.286573146293	6.305908930312729	14.583100815683819	0.05010108793113849	3.679870377816674
7182.364729458918	6.305193866743119	14.520932148505443	0.05015726784614315	3.6691816664252572
7221.442885771544	6.304479139288648	14.458384279681566	0.050219329204372117	3.6587800652461544
7260.521042084169	6.3037645856205184	14.39545821453495	0.05028731558284399	3.6486624293063636
7299.599198396794	6.303050045718543	14.332154932961252	0.050361273463163415	3.6388256965223977
7338.677354709419	6.302335361767341	14.268475390388758	0.0504412522657248	3.6292668852425036
7377.755511022045	6.301620378056783	14.20442051869579	0.0505273043868396	3.6199830918769806
7416.83366733467	6.300904940886578	14.13999122708816	0.050619485238819754	3.6109714886129387
7455.911823647295	6.300188898474847	14.075188402938448	0.050717853293054733	3.602229321209869
7494.989979959921	6.299472100870595	14.010012912589326	0.05082247012612399	3.593753906872741
7534.068136272545	6.298754399869971	13.944465602122506	0.050933400468991384	3.585542632199359
7573.146292585171	6.298035648936206	13.878547298095206	0.05105071225933217	3.5775929511989473
7612.224448897796	6.297315703123203	13.812258808245645	0.05117447669704953	3.569902383379044
7651.3026052104215	6.296594419002624	13.745600922169055	0.05130476830303966	3.562468511897916
7690.380761523047	6.295871654594487	13.678574411965847	0.05144166498127145	3.5552889817798876
7729.458917835672	6.295147269301177	13.611180032862986	0.05158524808425057	3.5483614981909968
7768.5370741482975	6.294421123844844	13.543418523810129	0.05173560248194244	3.541683824772636
7807.615230460922	6.2936930802081354	13.475290608051537	0.05189281663423393	3.535253782030834
7846.693386773548	6.292963001578271	13.406796993675073	0.052056982667018435	3.5290692457790174
7885.771543086173	6.29223075229442	13.33793837413917	0.052228196451993864	3.523128145632131
7924.849699398798	6.291496197798371	13.268715428778961	0.05240655769026822	3.5174284635501456
7963.927855711423	6.290759204588513	13.199128823292497	0.05259216999987258	3.5119682324290262
8003.006012024049	6.290019640177148	13.129179210207855	0.05278514100728748	3.5067455347373464
8042.084168336674	6.289277373051133	13.058867229332167	0.052985582443092066	3.501758501196795
8081.162324649299	6.288532272635916	12.98819350818329	0.05319361024185316	3.4970053095049187
8120.240480961925	6.287784209262973	12.91715866240491	0.05340934464637519	3.492484183098506
8159.3186372745495	6.287033054140752	12.845763296165845	0.0536329103164387	3.4881933899560726
8198.396793587175	6.286278679329149	12.774008002544209	0.053864436442160754	3.4841312414380217
8237.474949899799	6.285520957717601	12.701893363897153	0.054104056862115474	3.4802960911630385
8276.553106212425	6.284759763006917	12.629419952216747	0.05435191018636044	3.476686333919429
8315.63126252505	6.283994969694902	12.556588329472701	0.05460813992451984	3.4733004046100864
8354.709418837676	6.283226453065936	12.48339904794235	0.05487289461908192	3.4701367772298886
8393.787575150302	6.2824540891846015	12.409852650528592	0.05514632798407365	3.46719396387432
8432.865731462927	6.281677754893534	12.335949671066206	0.05542859904928371	3.4644705137782292
8471.943887775553	6.280897327815614	12.261690634617079	0.055719872310209285	3.461965012383617
8511.022044088177	6.2801126863607335	12.18707605775478	0.05602031788391043	3.45967608043543
8550.100200400802	6.279323709737253	12.112106448838901	0.05633011167096164	3.45760237310437
8589.178356713426	6.278530277968437	12.036782308279719	0.056649435523697	3.455742579135765
8628.256513026052	6.277732271914019	11.961104128793387	0.05697847742095174	3.45409542002359
8667.334669338677	6.276929573297197	11.885072395648201	0.05731743164951078	3.452659649208763
8706.412825651303	6.276122064737302	11.808687586902215	0.057666498992480934	3.451434051300875
8745.490981963929	6.275309629788411	11.731950173632592	0.05802588692480952	3.4504174413225472
8784.569138276554	6.274492152984255	11.654860620156995	0.05839580981618086	3.449608663975636
8823.647294589178	6.273669519889717	11.57741938424741	0.058776489141526264	3.449006592928551
8862.725450901804	6.272841617159296	11.499626917336522	0.059168153699392385	3.4486101301239582
8901.80360721443	6.272008332602916	11.421483664717256	0.05957103983841563	3.448418205106204
8940.881763527055	6.271169555259505	11.34299006573534	0.059985391692161404	3.448429774367753
8979.95991983968	6.2703251754787805	11.264146553975547	0.060411461422587756	3.448643820714072
9019.038076152305	6.269475085011723	11.184953557441597	0.06084950947240223	3.4490593526462785
9058.11623246493	6.268619177110229	11.105411498730088	0.0612998048265847	3.4496754037610273
9097.194388777556	6.267757346636536	11.025520795198677	0.06176262528335315	3.450491032167026
9136.272545090182	6.2668894901829395	10.945281859128661	0.0622382577348551	3.4515053199176506
9175.350701402805	6.266015506202517	10.864695097882278	0.06272699845786994	3.4527173724591638
9214.428857715431	6.265135295151415	10.783760914054783	0.06322915341481036	3.4541263180939827
9253.507014028057	6.264248759643544	10.702479705621707	0.0637450385653131	3.4557313074585405
9292.585170340682	6.26335580461833	10.620851866081175	0.0642749801887115	3.457531513015291
9331.663326653308	6.262456337522436	10.538877784591838	0.06481931521767924	3.4595261285583643
9370.741482965932	6.261550268506256	10.456557846106216	0.06537839158333707	3.461714368732472
9409.819639278558	6.260637510636161	10.373892431499907	0.06595256857210728	3.464095468564641
9448.897795591183	6.259717980123468	10.290881917696613	0.06654221719459964	3.4666686830083604
9487.975951903809	6.258791596571217	10.20752667778928	0.06714772056680261	3.4694332864997586
9527.054108216433	6.257858283239871	10.123827081157371	0.06776947430384744	3.4723885725254506
9566.132264529058	6.256917967333142	10.039783493580535	0.06840788692659835	3.475533853201674
9605.210420841684	6.255970580305271	9.955396277348667	0.0690633802813114	3.478868458864385
9644.28857715431	6.255016058191095	9.870665791368602	0.0697363899725832	3.4823917376699494
9683.366733466935	6.254054341960397	9.785592391267496	0.07042736580979245	3.4861030552061623
9722.44488977956	6.253085377898071	9.700176429493055	0.07113677226721025	3.4900017941132075
9761.523046092185	6.252109118011802	9.61441825541062	0.07186508895792705	3.494087353714324
9800.60120240481	6.251125520468999	9.528318215397412	0.07261281112170696	3.498359149655845
9839.679358717436	6.250134550064882	9.441876652933834	0.07338045012684255	3.5028166135563543
9878.757515030062	6.249136178723749	9.355093908692032	0.07416853398603385	3.507459192664667
9917.835671342686	6.248130386035497	9.267970320621815	0.07497760788626244	3.512286349526395
9956.913827655311	6.2471171598297515	9.180506224033966	0.0758082347325704	3.5172975616588276
9995.991983967937	6.246096496789958	9.092701951681113	0.07666099570558138	3.5224923212338877
10035.070140280563	6.245068403110014	9.004557833836177	0.0775364908325217	3.5278701347689365
10074.148296593186	6.244032895196171	8.916074198368493	0.07843533957140982	3.533430522825178
10113.226452905812	6.242990000417134	8.827251370817665	0.07935818140797528	3.53917301971347
10152.304609218438	6.241939757905338	8.738089674465364	0.08030567646475432	3.545097173207303
10191.382765531063	6.240882219412776	8.648589430404877	0.0812785061216791	3.551202544262755
10230.460921843689	6.23981745022473	8.558750957608728	0.08227737364732533	3.5574887067452243
10269.539078156313	6.238745530135112	8.468574572994344	0.08330300483982064	3.5639552471627276
10308.617234468938	6.237666554487286	8.378060591487761	0.08435614867623013	3.5706017644056214
10347.695390781564	6.236580635284438	8.287209326085573	0.08543757796902353	3.5774278694925052
10386.77354709419	6.235487902373837	8.196021087915025	0.08654809002800243	3.5844331853221805
10425.851703406814	6.2343885047095595	8.104496186292486	0.08768850732579898	3.591617346431483
10464.92985971944	6.233282611698473	8.01263492878017	0.08885967816477654	3.5989799987588125
10504.008016032065	6.232170414634568	7.920437621241298	0.09006247734283458	3.6065207994132127
10543.08617234469	6.231052128226976	7.827904567893711	0.09129780681526779	3.614239416448857
10582.164328657316	6.229927992227276	7.735036071361945	0.09256659634943168	3.622135528644771
10621.24248496994	6.228798273161991	7.6418324327278695	0.09386980416852747	3.6302088252896523
10660.320641282566	6.227663266176397	7.548293951579874	0.09520841758033419	3.6384590059716757
10699.398797595191	6.226523296996166	7.454420926060777	0.09658345358617769	3.6468857803731125
10738.476953907817	6.22537872401347	7.360213652914275	0.09799595946483546	3.6554888680696473
10777.55511022044	6.224229940504645	7.265672427530236	0.09944701332541887	3.6642679983342727
10816.633266533066	6.223077376986596	7.170797543988639	0.10093772462255758	3.6732229099456433
10855.711422845692	6.221921503719522	7.075589295102398	0.10246923462641518	3.682353351000736
10894.789579158318	6.220762833363714	6.980047972458975	0.10404271683919801	3.6916590787317527
10933.867735470943	6.2196019237983755	6.8841738664608085	0.10565937734886259	3.7011398593271077
10972.945891783567	6.218439381110694	6.787967266364751	0.10732045510968179	3.7107954677564248
11012.024048096193	6.217275862763419	6.691428460320347	0.1090272221381841	3.7206256875994135
11051.102204408819	6.216112080949425	6.5945577354071165	0.11078098361173745	3.730630310878545
11090.180360721444	6.214948806141705	6.497355377670838	0.11258307785567928	3.7408091378954085
11129.258517034068	6.213786870847285	6.399821672158839	0.11443487620342031	3.751161977070673
11168.336673346694	6.212627173573365	6.301956902954347	0.11633778271233644	3.761688644787543
11207.41482965932	6.2114706830139115	6.203761353209959	0.11829323371652144	3.772388965238621
11246.492985971945	6.210318442464493	6.105235305180166	0.12030269719558932	3.7832627702761137
11285.57114228457	6.209171574472768	6.006379040253037	0.1223676719366796	3.79430989926525
11324.649298597195	6.208031285731415	5.9071928389811035	0.12448968646463282	3.805530198940878
11363.72745490982	6.2068988722194955	5.807676981111346	0.12667029771296293	3.8169235232671284
11402.805611222446	6.205775724597183	5.707831745614486	0.12891108940573773	3.8284897333000742
11441.883767535071	6.204663333857641	5.607657410713462	0.13121367011781918	3.840228697053325
11480.961923847697	6.203563297238155	5.50715425391114	0.13357967097807916	3.8521402893664556
11520.040080160321	6.202477324390868	5.406322552017352	0.13601074297721774	3.864224391776225
11559.118236472947	6.201407243811197	5.305162581175181	0.13850855383867708	3.876480892390508
11598.196392785572	6.200355009519294	5.203674616886633	0.14107478440786417	3.888909685764851
11637.274549098198	6.199322707986907	5.101858934037547	0.14371112451150855	3.901510672781627
11676.352705410822	6.198312565298239	4.999715806921973	0.1464192682354828	3.9142837605316925
11715.430861723447	6.197326954529234	4.897245509265808	0.14920090856587737	3.927228862198495
11754.509018036073	6.196368403324727	4.794448314249939	0.15205773133453165	3.9403458969445886
11793.587174348699	6.195439601647385	4.691324494532707	0.15499140840670572	3.9536347898004545
11832.665330661324	6.194543409665834	4.587874322271835	0.1580035900451232	3.967095471555629
11871.743486973948	6.193682865742081	4.484098069145789	0.16109589638135563	3.980727878652046
11910.821643286574	6.192861194470116	4.379996006374574	0.16426990792253793	3.9945319530795302
11949.8997995992	6.1920818147082475	4.275568404740074	0.16752715501879537	4.008507642273437
11988.977955911825	6.191348347537332	4.170815534605773	0.1708691062147055	4.022654899014336
12028.056112224449	6.190664624065516	4.065737665936068	0.17429715540671856	4.0369736813297195
12067.134268537075	6.19003469298729	3.960335068315036	0.1778126077279621	4.05146395239769
12106.2124248497	6.189462827790597	3.854608010964759	0.1814166640824213	4.066125680452548
12145.290581162326	6.188953533490381	3.7485567627631706	0.18511040425240144	4.080958838692291
12184.368737474952	6.188511552750275	3.6421815922614798	0.18889476850668838	4.095963405187907
12223.446893787575	6.188141871236206	3.535482767701137	0.19277053764225913	4.111139362794491
12262.525050100201	6.187849722026536	3.428460557030333	0.19673831140008485	4.1264866990641025
12301.603206412827	6.187640588883175	3.321115227920235	0.20079848520588123	4.142005406160316
12340.681362725452	6.18752020816692	3.2134470477806145	0.20495122520003528	4.157695480774458
12379.759519038078	6.187494569158568	3.105456283775251	0.20919644153773184	4.173556924043474
12418.837675350702	6.187569912525208	2.9971432028368694	0.21353375996104346	4.189589741469378
12457.915831663327	6.1877527266491725	2.8885080716817235	0.21796249166981174	4.205793942840268
12496.993987975953	6.188049741515796	2.7795511568238416	0.2224816015480437	4.222169542152853
12536.072144288579	6.188467919836187	2.670272724588888	0.22708967483764844	4.238716557536488
12575.150300601203	6.189014445063356	2.560673041127707	0.23178488239206252	4.255435011178628
12614.228456913828	6.189696705945354	2.450752372429482	0.2365649446889413	4.272324929251738
12653.306613226454	6.190522277248503	2.3405109843346787	0.24142709483383862	4.289386341841563
12692.38476953908	6.191498896278731	2.229949142547542	0.2463680408457274	4.306619282876776
12731.462925851705	6.192634434830857	2.119067112648377	0.251383927580176	4.324023790059933
12770.541082164329	6.193936866205855	2.007865160105472	0.2564702987166798	4.34159990479975
12809.619238476955	6.195414226956469	1.8963435502867556	0.26162205931234417	4.3593476721446205
12848.69739478958	6.1970745730537145	1.7845025484712087	0.2668334395039129	4.377267140717394
12887.775551102206	6.198925930212514	1.6723424198598904	0.2720979600226025	4.395358362651366
12926.85370741483	6.200976238175881	1.559863429586799	0.2774084002695326	4.4136213935274355
12965.931863727455	6.203233288834941	1.4470658427293825	0.2827567697814529	4.432056292312452
13005.010020040081	6.205704658158494	1.3339499243188913	0.2881342839940869	4.450663121298673
13044.088176352707	6.20839763202124	1.2205159393503937	0.2935313452804629	4.469441946044345
13083.166332665332	6.211319126155126	1.1067641527925476	0.2989375303001374	4.488392835315368
13122.244488977956	6.214475600603091	0.9926948295972116	0.30434158473799666	4.50751586102802
13161.322645290582	6.217872969227762	0.878308234708717	0.30973142653361585	4.526811098192725
13200.400801603208	6.221516505017673	0.76360463307301	0.31509415869902085	4.546278624858843
13239.478957915833	6.2254107421366705	0.6485842896465126	0.3204160927892064	4.565918522060436
13278.557114228457	6.229559375874564	0.5332474694047535	0.32568278402104955	4.585730873763044
13317.635270541083	6.233965161872511	0.41759443735086155	0.3308790789280851	4.605715766811372
13356.713426853708	6.238629816208311	0.3016254585237794	0.33598917628742403	4.6258732908779585
13395.791583166334	6.243553918126444	0.18534079800631265	0.3409967018586372	4.646203538412706
13434.86973947896	6.248736817375606	0.06874072093297112	0.34588479723191407	4.66670660459335
13473.947895791584	6.254176548262766	-0.04817450750237828	0.3506362227954944	4.687382587276781
13513.02605210421	6.259869752636449	-0.16540462203905726	0.35523347450372456	4.708231586951239
13552.104208416835	6.26581161406268	-0.2829493573422779	0.3596589137631379	4.729253706689324
13591.18236472946	6.271995805444696	-0.400808447996047	0.3638949093634111	4.750449052101853
13630.260521042084	6.2784144522539265	-0.5189816284962117	0.3679239899742817	4.771817731292516
13669.33867735471	6.2850581133781525	-0.6374686332437625	0.3717290053223322	4.793359854813314
13708.416833667336	6.29191578135008	-0.7562691965381525	0.37529329376893694	4.815075535620765
13747.494989979961	6.2989749033952185	-0.8753830525709443	0.37860085364993984	4.836964889032897
13786.573146292587	6.306221424336435	-0.9948099354195037	0.38163651542689236	4.85902803268694
13825.65130260521	6.313639851921519	-1.1145495790408377	0.3843861114565676	4.8812650864977725
13864.729458917836	6.321213344612622	-1.2346017172657318	0.38683664002636425	4.903676172617071
13903.807615230462	6.328923821308665	-1.3549660837927986	0.3889764202417279	4.926261415393155
13942.885771543088	6.336752091884315	-1.4756424121829088	0.3907952343980816	4.949020941331519
13981.963927855713	6.34467800684428	-1.5966304358535952	0.3922844546292941	4.971954879056028
14021.042084168337	6.352680623834056	-1.717929888073682	0.3934371508977523	4.99506335927077
14060.120240480963	6.360738388241792	-1.8395405019580142	0.39424817777201854	5.018346514722557
14099.198396793588	6.36882932469401	-1.9614620104622977	0.39471423791567894	5.041804480164053
14138.276553106214	6.37693123591029	-2.08369414637814	0.3948339207687715	5.065437392317507
14177.354709418838	6.3850219051550665	-2.2062366423281166	0.3946077155200556	5.089245389839105
14216.432865731464	6.393079298418929	-2.3290892307610997	0.3940379981199274	5.113228613283926
14255.51102204409	6.401081762482237	-2.4522516439475135	0.3931289927435492	5.137387205071439
14294.589178356715	6.409008215159366	-2.575723613974885	0.39188670875496867	5.161721309451611
14333.66733466934	6.416838324284227	-2.699504872743425	0.3903188548199371	5.186231072471561
14372.745490981964	6.424552672364648	-2.823595151961718	0.388434732344882	5.210916641942742
14411.82364729459	6.432132904286137	-2.9479941831425673	0.3862451108629645	5.235778167408695
14450.901803607216	6.439561855963626	-3.0727016975988892	0.3837620883312382	5.260815800113301
14489.979959919841	6.446823662399381	-3.197717426439734	0.3809989395369786	5.286029692969561
14529.058116232465	6.453903844182525	-3.3230411005664555	0.37796995593326577	5.31142000052888
14568.13627254509	6.460789372036842	-3.4486724506689064	0.3746902802363699	5.336986878950858
14607.214428857716	6.467468709568057	-3.5746112072217753	0.3711757390277839	5.362730485973549
14646.292585170342	6.4739318348605135	-3.7008571004810213	0.3674426764233026	5.388650980884211
14685.370741482968	6.480170242012373	-3.8274098604803646	0.3635077916149604	5.414748524490525
14724.448897795592	6.486176924066828	-3.954269217027915	0.359387982775337	5.441023279092264
14763.527054108217	6.491946339088819	-4.081434899702877	0.35510019945522464	5.46747540845343
14802.605210420843	6.497474361349663	-4.2089066378523015	0.3506613052221064	5.494105077774817
14841.683366733469	6.502758219717539	-4.336684160588005	0.3460879518946511	5.52091245366702
14880.761523046094	6.507796425414342	-4.464767196783466	0.34139646634206006	5.54789770412385
14919.839679358718	6.512588691296085	-4.593155475070919	0.33660275044898375	5.575060998496205
14958.917835671344	6.517135844753289	-4.721848723838465	0.3317221945068325	5.602402507466318
14997.99599198397	6.521439736219581	-4.850846671227209	0.3267696039879652	5.629922403022411
15037.074148296595	6.525503145131093	-4.980149045128602	0.3217591393953269	5.6576208584337575
15076.152304609219	6.529329685006206	-5.109755573181754	0.31670426865917595	5.685498048226131
15115.230460921844	6.532923709124215	-5.239665982770922	0.31161773137502174	5.713554148157636
15154.30861723447	6.536290218081248	-5.369880001022831	0.3065115140416743	5.741789335194879
15193.386773547096	6.5394347702996445	-5.500397354804478	0.3013968353626895	5.770203787489567
15232.464929859721	6.542363396369154	-5.631217770720589	0.2962841406151236	5.798797684355419
15271.543086172345	6.545082517910121	-5.762340975111361	0.2911831040619686	5.827571206245434
15310.621242484971	6.547598871473459	-5.893766694050328	0.28610263838456806	5.856524534729549
15349.699398797597	6.549919437832948	-6.025494653342029	0.28105091013399314	5.885657852472567
15388.777555110222	6.552051376883256	-6.157524578520059	0.27603536024118586	5.9149713432125015
15427.855711422846	6.554001968233343	-6.289856194844934	0.2710627286805573	5.944465191739167
15466.933867735472	6.555778557479193	-6.422489227302148	0.2661390824465455	5.974139583873161
15506.012024048097	6.557388508051731	-6.555423400600246	0.26126984607411935	6.00399470644512
15545.090180360723	6.55883915846448	-6.688658439168974	0.25645983400926414	6.034030747275315
15584.168336673349	6.560137784729333	-6.822194067157469	0.25171328421164224	6.064247895153519
15623.246492985973	6.561291567666787	-6.9560300084324815	0.24703389244686563	6.094646339819215
15662.324649298598	6.562307564806968	-7.090165986576766	0.24242484679850146	6.125226271942068
15701.402805611224	6.56319268655869	-7.224601724887354	0.23788886199894183	6.155987883102699
15740.48096192385	6.563953676313667	-7.359336946374016	0.2334282132426224	6.186931365773747
15779.559118236473	6.5645970941504945	-7.494371373757717	0.229044769204351	6.218056913301197
15818.637274549099	6.565129303806852	-7.629704729469131	0.22474002403930793	6.249364719886001
15857.715430861725	6.56555646259703	-7.765336735647241	0.22051512818952423	6.280854980565958
15896.79358717435	6.565884513964424	-7.9012671141379	0.21637091786443433	6.312527891197861
15935.871743486976	6.566119182374103	-8.037495586492524	0.21230794310054205	6.344383648439884
15974.9498997996	6.566265970267873	-8.174021873966792	0.20832649433768866	6.376422449734284
16014.028056112225	6.566330156822949	-8.310845697519477	0.2044266274771436	6.4086444932902955
16053.106212424851	6.566316798274689	-8.447966777811104	0.2006081874101606	6.441049978067282
16092.184368737477	6.566230729583339	-8.585384835202927	0.19687083002512318	6.473639103758167
16131.2625250501	6.566076567244092	-8.723099589755721	0.1932140427173898	6.506412070773044
16170.340681362726	6.565858713058523	-8.861110761228836	0.1896371634387603	6.53936908022311
16209.418837675352	6.565581358703562	-8.99941806907902	0.1861393983335861	6.572510333904718
16248.496993987977	6.565248490951289	-9.138021232459536	0.18271983801619726	6.60583603428374
16287.575150300603	6.564863897409006	-9.276919970219208	0.1793774725499557	6.63934638448014
16326.653306613227	6.564431172664048	-9.416114000901459	0.1761112051920718	6.673041588252735
16365.731462925853	6.5639537247317294	-9.555603042743527	0.17291986497067804	6.706921849984196
16404.809619238476	6.563434781717625	-9.69538681367551	0.1698022181617738	6.740987374666245
16443.887775551106	6.562877398617051	-9.835465031319744	0.16675697873372264	6.775238367885099
16482.965931863728	6.5622844641852	-9.97583741298985	0.16378281782626827	6.809675035807054
16522.044088176353	6.561658707820991	-10.116503675690216	0.16087837232958938	6.8442975851643375
16561.12224448898	6.561002706416271	-10.25746353611514	0.1580422526270243	6.879106223241114
16600.200400801605	6.5603188911296835	-10.39871671064825	0.15527304956274177	6.914101157859694
16639.27855711423	6.559609554051348	-10.540262915361915	0.15256934069304715	6.949282597366964
16678.356713426852	6.558876854730575	-10.68210186601656	0.14992969587719934	6.984650750620949
16717.43486973948	6.558122826544139	-10.824233278060293	0.14735268226067202	7.020205826977635
16756.513026052104	6.557349382887285	-10.966656866628124	0.14483686870081616	7.0559480362778775
16795.591182364733	6.556558323173775	-11.109372346541736	0.14238082968184598	7.091877588834608
16834.669338677355	6.55575133863476	-11.252379432308825	0.13998314876311807	7.12799469542009
16873.74749498998	6.554930017909355	-11.395677838122824	0.13764242160172369	7.164299567253465
16912.825651302606	6.554095852422362	-11.53926727786236	0.1353572585875962	7.20079241598838
16951.903807615232	6.553250241546931	-11.683147465091006	0.13312628712658406	7.237473453700829
16990.981963927858	6.552394497551653	-11.82731811305687	0.1309481536043274	7.274342892877165
17030.060120240483	6.551529850333384	-11.97177893469227	0.12882152506127784	7.311400946402225
17069.13827655311	6.550657451938251	-12.1165296426135	0.12674509060683048	7.348647827547689
17108.216432865735	6.5497783808744545	-12.261569949120503	0.12471756259831607	7.3860837499605285
17147.294589178357	6.548893646221364	-12.406899566196696	0.12273767760849125	7.423708927651643
17186.372745490982	6.548004191540079	-12.552518205508765	0.12080419720320701	7.46152357498467
17225.450901803608	6.547110898591202	-12.698425578406388	0.11891590854910132	7.4995279066648735
17264.529058116234	6.546214590866001	-12.844621395922161	0.1170716248694452	7.537722137728263
17303.60721442886	6.54531603693735	-12.991105368771464	0.11527018576469246	7.576106483530806
17342.685370741485	6.544415953637218	-13.137877207352311	0.11351045741281111	7.614681159737804
17381.76352705411	6.543515009067386	-13.28493662174526	0.11179133266310882	7.6534463823133985
17420.841683366736	6.5426138254503075	-13.432283321713385	0.11011173103601449	7.69240236751022
17459.91983967936	6.541712981826895	-13.579917016702233	0.10847059864012186	7.73154933185919
17498.997995991984	6.540813016608028	-13.727837415839755	0.10686690801673408	7.770887492159412
17538.07615230461	6.539914429986457	-13.876044227936376	0.10529965792117256	7.810417065468261
17577.154308617235	6.539017686215635	-14.02453716148499	0.10376787304921975	7.850138269091542
17616.23246492986	6.538123215761916	-14.173315924660933	0.10227060371624452	7.8900513205737965
17655.310621242486	6.5372314173362644	-14.322380225322213	0.1008069254958045	7.93015643768877
17694.388777555112	6.536342659811574	-14.47172977100942	0.09937593882384468	7.97045383842994
17733.466933867738	6.535457284031385	-14.621364268945964	0.09797676857397587	8.010943741001228
17772.545090180363	6.53457560451559	-14.771283426038138	0.09660856360875467	8.05162636380779
17811.62324649299	6.533697911068578	-14.92148694887526	0.09527049631136618	8.092501925446935
17850.70140280561	6.5328244702949405	-15.071974543729848	0.09396176210163877	8.133570644699184
17889.779559118237	6.531955527027726	-15.222745916557894	0.09268157893989239	8.174832740519417
17928.857715430862	6.531091305673973	-15.373800772998841	0.0914291868217392	8.216288432028126
17967.935871743488	6.530232011482038	-15.525138818376032	0.09020384726659106	8.257937938502824
18007.014028056114	6.529377831735039	-15.676759757696843	0.08900484280232515	8.299781479369521
18046.09218436874	6.52852893687451	-15.82866329565294	0.08783147644825934	8.341819274194318
18085.170340681365	6.527685481558169	-15.980849136620545	0.08668307119833459	8.384051542675122
18124.24849699399	6.526847605655518	-16.133316984660766	0.08555896950616348	8.426478504633458
18163.326653306616	6.526015435184771	-16.286066543519844	0.08445853277339672	8.469100380006378
18202.40480961924	6.5251890831944594	-16.439097516629527	0.08338114084266154	8.511917388838468
18241.482965931864	6.524368650592883	-16.592409607107424	0.0823261914961635	8.554929751274006
18280.56112224449	6.523554226928366	-16.746002517757212	0.08129309996088199	8.59813768754912
18319.639278557115	6.522745891123189	-16.899875951069205	0.08028129842115224	8.641541417984147
18358.71743486974	6.521943712163847	-17.05402960922057	0.07929023553930928	8.685141162976013
18397.795591182366	6.521147749750157	-17.208463194075847	0.07831937598494894	8.728937142990771
18436.873747494992	6.520358054905651	-17.363176407187282	0.07736819997327089	8.77292957855617
18475.951903807618	6.519574670551443	-17.518168949795296	0.07643620281287357	8.817118690254356
18515.030060120243	6.518797632045758	-17.673440522828848	0.07552289446329782	8.861504698714645
18554.108216432865	6.5180269676910845	-17.828990826906026	0.07462779910254104	8.906087824606415
18593.18637274549	6.517262699210905	-17.984819562334422	0.07375045470470878	8.950868288632044
18632.264529058117	6.516504842197726	-18.1409264291116	0.07289041262790809	8.995846311519967
18671.342685370742	6.515753406534133	-18.297311126925596	0.07204723721244474	9.041022114017776
18710.420841683368	6.515008396788448	-18.453973355155547	0.07122050538934101	9.086395916885504
18749.498997995994	6.514269812586488	-18.610912812872	0.07040980629915723	9.13196794088884
18788.57715430862	6.513537648960811	-18.768129198837613	0.06961474092106093	9.177738406792571
18827.655310621245	6.512811896678823	-18.925622211507616	0.06883492171206777	9.223707535354007
18866.73346693387	6.512092542550944	-19.083391549030452	0.06806997225634756	9.269875547316564
18905.811623246493	6.511379569720047	-19.241436909248186	0.06731952692447286	9.316242663403319
18944.88977955912	6.510672957933257	-19.399757989697278	0.06658323054246286	9.36280910431077
18983.967935871744	6.509972683797151	-19.55835448760903	0.06586073807046967	9.40957509070257
19023.04609218437	6.509278721017368	-19.71722609991027	0.0651517142909322	9.456540843203403
19062.124248496995	6.508591040623529	-19.87637252322388	0.06445583350601962	9.50370658239286
19101.20240480962	6.507909611180316	-20.035793453869566	0.06377277924417103	9.551072528799512
19140.280561122247	6.5072343989855765	-20.19548858786428	0.06310224397553964	9.59863890289489
19179.358717434872	6.506565368256209	-20.35545762092311	0.062443928836134616	9.646405925087699
19218.436873747498	6.5059024813024955	-20.515700248459776	0.06179754336045929	9.694373815717983
19257.515030060124	6.505245698691671	-20.67621616558728	0.0611628052224353	9.742542795051406
19296.593186372746	6.504594979401265	-20.83700506711867	0.06053943998440233	9.790913083273622
19335.67134268537	6.503950280962885	-20.998066647567732	0.059927180853983956	9.839484900484683
19374.749498997997	6.5033115595969875	-21.159400601149624	0.059325768448609435	9.888258466693514
19413.827655310623	6.50267877033916	-21.321006621781557	0.05873495056748046	9.937234001812438
19452.905811623248	6.502051867158441	-21.48288440308361	0.05815448197077517	9.986411725651827
19491.983967935874	6.501430803068127	-21.64503363837936	0.057584124165884105	10.035791857914756
19531.0621242485	6.500815530229544	-21.807454020696696	0.05702364520047326	10.085374618191741
19570.140280561125	6.500206000049138	-21.970145242768478	0.0564728194621737	10.135160225955538
19609.21843687375	6.499602163269366	-22.13310699703335	0.055931427484700744	10.185148900556012
19648.296593186373	6.499003970053688	-22.296338975636463	0.05539925576020725	10.235340861215054
19687.374749499	6.498411370066034	-22.459840870430245	0.05487609655768174	10.285736327021556
19726.452905811624	6.497824312545076	-22.623612372975227	0.054361747747203544	10.336335516926463
19765.53106212425	6.497242746373623	-22.787653174540733	0.05385601262987398	10.387138649737857
19804.609218436875	6.496666620143396	-22.951962966105768	0.05335869977324288	10.438145944116123
19843.6873747495	6.49609588221549	-23.116541438359747	0.052869622852059095	10.489357618569162
19882.765531062127	6.495530480776776	-23.28138828170333	0.05238860049417235	10.540773891447646
19921.843687374752	6.494970363892462	-23.446503186249238	0.05191545613142331	10.592394980940355
19960.921843687378	6.4944154795550695	-23.611885841823092	0.05145001785535885	10.64422110506954
20000.0	6.4938657757300176	-23.77753593796418	0.050992118277617376	10.69625248168637
