2.69897000434	626.488462126
2.73165173438	821.440753454
2.76204527187	1030.10305244
2.79045017088	1252.67387466
2.8171107587	1489.25630157
2.84222892917	1739.89598299
2.86597343335	2004.60343861
2.88848675905	2283.36688282
2.90989031292	2576.15969502
2.93028838443	2882.94486751
2.94977121968	3203.67771749
2.96841743493	3538.30757952
2.9862959328	3886.77888458
3.00346743943	4249.031862
3.01998574916	4625.00300415
3.03589874091	5014.62537914
3.05124921497	5417.82884428
3.06607558677	5834.54019357
3.08041246612	6264.68326073
3.09429114387	6708.17899186
3.10774000319	7164.94549695
3.12078486897	7634.89808666
3.13344930637	8117.9492986
3.145754877	8614.00891613
3.15772135978	9122.98398173
3.16936694224	9644.77880649
3.18070838674	10179.2949767
3.19176117563	10726.4313582
3.20253963836	11286.0840999
3.21305706312	11858.1466349
3.22332579539	12442.5096823
3.23335732507	13039.0612473
3.2431623637	13647.6866216
3.25275091327	14268.2683834
3.26213232751	14900.6863972
3.27131536673	15544.8178135
3.280308247	16200.5370692
3.28911868428	16867.7158869
3.29775393425	17546.2232759
3.30622082816	18235.925532
3.31452580533	18936.6862387
3.32267494257	19648.3662679
3.33067398088	20370.8237811
3.33852834974	21103.9142317
3.34624318927	21847.4903662
3.35382337042	22601.4022278
3.36127351344	23365.4971583
3.3685980048	24139.6198024
3.37580101269	24923.6121112
3.38288650129	25717.3133467
3.38985824384	26520.5600872
3.39671983473	27333.1862324
3.40347470063	28155.0230102
3.41012611075	28985.8989833
3.41667718635	29825.6400566
3.42313090953	30674.0694857
3.42949013138	31531.0078858
3.43575757958	32396.2732412
3.44193586535	33269.680916
3.44802749005	34151.0436651
3.45403485124	35040.1716464
3.45996024831	35936.8724338
3.46580588783	36840.9510308
3.47157388844	37752.2098852
3.47726628544	38670.4489047
3.48288503516	39595.4654736
3.48843201897	40527.0544702
3.49390904703	41465.0082854
3.49931786189	42409.1168421
3.50466014177	43359.1676161
3.50993750373	44314.9456576
3.51515150657	45276.2336143
3.52030365363	46242.8117549
3.52539539534	47214.4579946
3.53042813173	48190.9479214
3.53540321472	49172.0548235
3.54032195026	50157.5497181
3.54518560046	51147.2013816
3.54999538547	52140.7763806
3.55475248536	53138.039105
3.55945804182	54138.7518016
3.56411315985	55142.6746096
3.56871890929	56149.5655976
3.57327632627	57159.1808011
3.57778641468	58171.2742629
3.58225014742	59185.5980735
3.58666846773	60201.9024139
3.59104229031	61219.9355995
3.59537250253	62239.4441259
3.59965996548	63260.1727155
3.60390551496	64281.8643664
3.60810996254	65304.2604026
3.61227409642	66327.1005256
3.61639868235	67350.1228679
3.62048446446	68373.0640479
3.62453216607	69395.6592264
3.62854249048	70417.6421651
3.63251612167	71438.7452864
3.63645372502	72458.6997347
3.64035594798	73477.2354399
3.64422342069	74494.0811823
3.64805675661	75508.964659
3.6518565531	76521.6125522
3.65562339197	77531.7505993
3.65935784002	78539.1036645
3.66306044957	79543.3958119
3.66673175892	80544.3503809
3.67037229282	81541.6900626
3.67398256295	82535.1369784
3.67756306834	83524.41276
3.68111429576	84509.238631
3.68463672014	85489.3354906
3.68813080496	86464.4239985
3.69159700258	87434.2246614
3.69503575465	88398.4579214
3.69844749236	89356.8442462
3.70183263687	90309.1042202
3.70519159953	91254.9586375
3.70852478224	92194.1285967
3.71183257771	93126.335597
3.71511536973	94051.3016356
3.71837353348	94968.7493066
3.72160743573	95878.4019017
3.72481743514	96779.9835119
3.72800388247	97673.2191306
3.73116712081	98557.8347582
3.7343074858	99433.5575077
3.73742530588	100300.115712
3.74052090242	101157.239031
3.74359459002	102004.658562
3.7466466766	102842.106951
3.74967746367	103669.318501
3.75268724645	104486.029286
3.75567631407	105291.977267
3.75864494972	106086.9024
3.76159343085	106870.546758
3.76452202928	107642.654641
3.76743101135	108402.972695
3.77032063811	109151.250028
3.77319116544	109887.23833
3.77604284414	110610.691986
3.77887592014	111321.3682
3.78169063457	112019.027108
3.7844872239	112703.431902
3.78726592008	113374.348946
3.79002695062	114031.547895
3.79277053872	114674.801816
3.79549690338	115303.887304
3.79820625949	115918.584605
3.80089881796	116518.67773
3.80357478579	117103.954577
3.80623436618	117674.207044
3.80887775862	118229.231151
3.81150515899	118768.827155
3.81411675961	119292.799663
3.81671274938	119800.95775
3.8192933138	120293.115073
3.82185863513	120769.089982
3.82440889237	121228.705632
3.82694426141	121671.790096
3.82946491508	122098.17647
3.83197102321	122507.702986
3.83446275271	122900.213114
3.83694026763	123275.555668
3.83940372922	123633.58491
3.84185329603	123974.16065
3.84428912392	124297.148345
3.84671136613	124602.419197
3.84912017339	124889.850247
3.8515156939	125159.324468
3.85389807343	125410.730857
3.85626745537	125643.96452
3.85862398077	125858.926759
3.86096778841	126055.525157
3.86329901482	126233.673655
3.86561779434	126393.29263
3.86792425919	126534.308971
3.87021853947	126656.656148
3.87250076325	126760.274285
3.87477105658	126845.11022
3.87702954354	126911.117569
3.87927634629	126958.256787
3.88151158512	126986.495221
3.88373537843	126995.807162
3.88594784286	126986.173894
3.88814909324	126957.58374
3.89033924268	126910.032102
3.89251840258	126843.521497
3.89468668268	126758.061594
3.89684419107	126653.66924
3.89899103425	126530.368492
3.90112731715	126388.19063
3.90325314315	126227.174186
3.90536861411	126047.364948
3.90747383044	125848.815976
3.90956889106	125631.587608
3.91165389351	125395.747458
3.91372893387	125141.370417
3.91579410692	124868.538646
3.91784950603	124577.341565
3.9198952233	124267.875838
3.9219313495	123940.245356
3.92395797416	123594.561209
3.92597518552	123230.941666
3.92798307065	122849.512137
3.92998171537	122450.405142
3.93197120435	122033.760266
3.93395162108	121599.724123
3.93592304794	121148.450299
3.93788556618	120680.099307
3.93983925594	120194.838527
3.94178419629	119692.842148
3.94372046527	119174.291103
3.94564813984	118639.372999
3.94756729596	118088.282051
3.94947800859	117521.218998
3.9513803517	116938.391034
3.95327439829	116340.011713
3.95516022041	115726.300873
3.95703788919	115097.48454
3.95890747481	114453.794833
3.96076904658	113795.469874
3.9626226729	113122.753679
3.96446842131	112435.896061
3.96630635849	111735.152519
3.96813655027	111020.784129
3.96995906167	110293.057435
3.97177395687	109552.244327
3.97358129926	108798.621929
3.97538115145	108032.472471
3.97717357526	107254.083173
3.97895863177	106463.746113
3.98073638128	105661.758102
3.98250688337	104848.42055
3.98427019689	104024.039339
3.98602637999	103188.924681
3.98777549009	102343.390988
3.98951758395	101487.75673
3.99125271762	100622.344296
3.9929809465	99747.4798527
3.99470232533	98863.4932
3.99641690819	97970.7176298
3.99812474853	97069.4897782
3.99982589918	96160.1494806
4.00152041234	95243.0396233
4.0032083396	94318.5059965
4.00488973197	93386.8971448
4.00656463983	92448.5642185
4.00823311302	91503.8608236
4.0098952008	90553.1428718
4.01155095184	89596.7684307
4.01320041429	88635.0975732
4.01484363573	87668.4922276
4.01648066322	86697.3160272
4.01811154326	85721.9341613
4.01973632186	84742.7132251
4.02135504451	83760.0210716
4.02296775617	82774.226663
4.02457450133	81785.6999232
4.02617532398	80794.8115916
4.0277702676	79801.9330772
4.02935937523	78807.4363139
4.03094268943	77811.6936169
4.03252025226	76815.0775411
4.03409210538	75817.9607394
4.03565828996	74820.7158236
4.03721884674	73823.7152265
4.03877381603	72827.3310651
4.04032323767	71831.9350064
4.04186715114	70837.8981343
4.04340559543	69845.5908183
4.04493860918	68855.3825844
4.04646623058	67867.641988
4.04798849743	66882.7364887
4.04950544715	65901.0323274
4.05101711673	64922.8944048
4.05252354283	63948.6861638
4.05402476167	62978.7694723
4.05552080915	62013.5045096
4.05701172077	61053.2496546
4.05849753167	60098.3613769
4.05997827663	59149.1941298
4.06145399007	58206.1002464
4.06292470609	57269.4298378
4.0643904584	56339.5306941
4.06585128041	55416.7481878
4.06730720517	54501.4251804
4.0687582654	53593.901931
4.0702044935	52694.5160078
4.07164592156	51803.6022025
4.07308258132	50921.4924471
4.07451450423	50048.5157337
4.07594172142	49184.9980369
4.07736426372	48331.2622388
4.07878216166	47487.6280568
4.08019544547	46654.4119747
4.08160414507	45831.9271751
4.08300829011	45020.4834764
4.08440790994	44220.3872709
4.08580303365	43431.9414666
4.08719369002	42655.4454309
4.08857990757	41891.1949381
4.08996171456	41139.4821182
4.09133913894	40400.5954093
4.09271220845	39674.8195124
4.09408095053	38962.4353484
4.09544539236	38263.7200183
4.09680556089	37578.9467654
4.0981614828	36908.3849403
4.09951318453	36252.2999683
4.10086069226	35610.9533194
4.10220403193	34984.6024807
4.10354322926	34373.5009307
4.10487830971	33777.8981169
4.10620929852	33198.0394354
4.10753622068	32634.1662121
4.10885910098	32086.5156874
4.11017796396	31555.3210027
4.11149283395	31040.8111884
4.11280373505	30543.2111558
4.11411069115	30062.7416894
4.11541372592	29599.6194431
4.11671286283	29154.0569369
4.11800812512	28726.2625573
4.11929953583	28316.4405588
4.12058711782	27924.7910681
4.1218708937	27551.5100898
4.12315088592	27196.7895152
4.12442711672	26860.8171318
4.12569960813	26543.7766359
4.126968382	26245.8476466
4.12823346	25967.2057221
4.12949486359	25708.0223773
4.13075261405	25468.4651037
4.13200673249	25248.6973909
4.13325723982	25048.8787496
4.13450415677	24869.1647365
4.13574750391	24709.7069802
4.13698730161	24570.6532087
4.13822357008	24452.1472781
4.13945632937	24354.3292029
4.14068559932	24277.3351861
4.14191139965	24221.2976518
4.14313374988	24186.3452771
4.14435266938	24172.6030257
4.14556817736	24180.1921814
4.14678029285	24209.2303829
4.14798903473	24259.8316574
4.14919442175	24332.1064568
4.15039647247	24426.1616917
4.1515952053	24542.1007677
4.15279063851	24680.0236203
4.15398279022	24840.0267509
4.1551716784	25022.2032629
4.15635732085	25226.6428972
4.15753973527	25453.4320689
4.15871893917	25702.6539033
4.15989494994	25974.388273
4.16106778483	26268.7118343
4.16223746095	26585.6980652
4.16340399526	26925.4173019
4.16456740461	27287.9367776
4.16572770568	27673.3206603
4.16688491504	28081.630092
4.16803904912	28512.923227
4.16919012423	28967.2552722
4.17033815654	29444.6785266
4.17148316209	29945.2424217
4.1726251568	30468.9935625
4.17376415646	31015.9757682
4.17490017675	31586.2301136
4.1760332332	32179.7949712
4.17716334125	32796.7060531
4.1782905162	33436.9964528
4.17941477322	34100.6966882
4.1805361274	34787.8347437
4.18165459369	35498.4361131
4.18277018691	36232.5238424
4.18388292179	36990.1185724
4.18499281295	37771.2385815
4.18609987488	38575.8998285
4.18720412197	39404.1159953
4.18830556849	40255.8985292
4.18940422861	41131.2566853
4.1905001164	42030.197569
4.19159324582	42952.7261777
4.19268363071	43898.8454424
4.19377128482	44868.5562698
4.1948562218	45861.857583
4.19593845518	46878.7463626
4.19701799841	47919.2176875
4.19809486483	48983.2647748
4.19916906768	50070.8790204
4.2002406201	51182.0500379
4.20130953515	52316.7656985
4.20237582577	53475.0121692
4.20343950481	54656.7739519
4.20450058504	55862.0339213
4.20555907913	57090.7733622
4.20661499966	58342.9720074
4.20766835909	59618.6080741
4.20871916984	60917.6583004
4.20976744421	62240.0979817
4.2108131944	63585.9010058
4.21185643254	64955.0398881
4.21289717069	66347.4858067
4.21393542078	67763.2086364
4.21497119469	69202.1769825
4.21600450419	70664.3582141
4.217035361	72149.7184975
4.21806377672	73658.2228281
4.21908976289	75189.8350628
4.22011333096	76744.5179517
4.2211344923	78322.2331687
4.22215325821	79922.9413429
4.22316963989	81546.6020884
4.22418364848	83193.174034
4.22519529503	84862.614853
4.22620459053	86554.8812917
4.22721154588	88269.9291981
4.22821617189	90007.7135498
4.22921847934	91768.1884814
4.23021847888	93551.3073119
4.23121618113	95357.0225712
4.23221159662	97185.2860266
4.2332047358	99036.048708
4.23419560906	100909.260934
4.23518422673	102804.872336
4.23617059903	104722.831884
4.23715473616	106663.08791
4.23813664822	108625.588129
4.23911634524	110610.279669
4.2400938372	112617.109085
4.241069134	114646.022389
4.24204224548	116696.965069
4.24301318141	118769.882107
4.2439819515	120864.718009
4.24494856539	122981.416815
4.24591303264	125119.922129
4.24687536279	127280.177132
4.24783556527	129462.124606
4.24879364948	131665.70695
4.24974962474	133890.866201
4.25070350031	136137.544053
4.2516552854	138405.681872
4.25260498915	140695.220716
4.25355262064	143006.101352
4.25449818891	145338.264273
4.2554417029	147691.649713
4.25638317153	150066.197666
4.25732260365	152461.8479
4.25826000805	154878.539973
4.25919539346	157316.213249
4.26012876856	159774.80691
4.26106014198	162254.259974
4.26198952228	164754.511308
4.26291691797	167275.499642
4.26384233752	169817.163582
4.26476578932	172379.441622
4.26568728172	174962.272161
4.26660682303	177565.593511
4.26752442149	180189.343912
4.26844008528	182833.461546
4.26935382256	185497.884542
4.27026564141	188182.550995
4.27117554987	190887.398973
4.27208355592	193612.366527
4.27298966751	196357.391706
4.27389389253	199122.412564
4.27479623881	201907.367171
4.27569671415	204712.193621
4.27659532629	207536.830046
4.27749208291	210381.21462
4.27838699168	213245.285573
4.27928006019	216128.981195
4.28017129599	219032.239851
4.28106070658	221954.99998
4.28194829944	224897.200114
4.28283408197	227858.778877
4.28371806155	230839.674998
4.28460024549	233839.827314
4.28548064108	236859.174783
4.28635925556	239897.656486
4.28723609611	242955.211636
4.28811116989	246031.779585
4.288984484	249127.299829
4.2898560455	252241.712015
4.29072586142	255374.955946
4.29159393873	258526.971591
4.29246028437	261697.699083
4.29332490523	264887.078732
4.29418780817	268095.051027
4.29504900001	271321.55664
4.2959084875	274566.536433
4.29676627739	277829.931463
4.29762237637	281111.682983
4.29847679109	284411.732452
4.29932952817	287730.021536
4.30018059418	291066.49211
4.30102999566	294421.086268
