2.69897000434	1305.73138726
2.73165173438	1616.29038773
2.76204527187	1889.31841593
2.79045017088	2089.73642538
2.8171107587	2174.74543476
2.84222892917	2104.30229981
2.86597343335	1860.85672333
2.88848675905	1470.6806834
2.90989031292	1008.53482667
2.93028838443	573.626408006
2.94977121968	251.483168884
2.96841743493	91.3746216711
2.9862959328	84.1719369879
3.00346743943	212.853724782
3.01998574916	459.730270078
3.03589874091	795.974045965
3.05124921497	1198.94149911
3.06607558677	1651.91499046
3.08041246612	2142.96438095
3.09429114387	2663.77766027
3.10774000319	3208.65272306
3.12078486897	3773.71766482
3.13344930637	4356.36321389
3.145754877	4954.84315145
3.15772135978	5567.99803199
3.16936694224	6195.06589452
3.18070838674	6835.5530798
3.19176117563	7489.14614828
3.20253963836	8155.65178354
3.21305706312	8834.95573969
3.22332579539	9526.99476795
3.23335732507	10231.737413
3.2431623637	10949.1708896
3.25275091327	11679.2921419
3.26213232751	12422.1017854
3.27131536673	13177.6000435
3.280308247	13945.7840628
3.28911868428	14726.6461824
3.29775393425	15520.1728622
3.30622082816	16326.344064
3.31452580533	17145.1329422
3.32267494257	17976.5057427
3.33067398088	18820.42184
3.33852834974	19676.8338633
3.34624318927	20545.6878776
3.35382337042	21426.9235952
3.36127351344	22320.4746021
3.3685980048	23226.2685877
3.37580101269	24144.2275711
3.38288650129	25074.2681182
3.38985824384	26016.3015473
3.39671983473	26970.2341226
3.40347470063	27935.9672323
3.41012611075	28913.3975536
3.41667718635	29902.4172041
3.42313090953	30902.9138791
3.42949013138	31914.7709776
3.43575757958	32937.8677151
3.44193586535	33972.0792266
3.44802749005	35017.276659
3.45403485124	36073.3272542
3.45996024831	37140.0944235
3.46580588783	38217.4378146
3.47157388844	39305.2133707
3.47726628544	40403.273384
3.48288503516	41511.4665426
3.48843201897	42629.6379727
3.49390904703	43757.6292749
3.49931786189	44895.2785574
3.50466014177	46042.4204644
3.50993750373	47198.8862014
3.51515150657	48364.5035568
3.52030365363	49539.0969213
3.52539539534	50722.4873044
3.53042813173	51914.4923488
3.53540321472	53114.9263422
3.54032195026	54323.6002286
3.54518560046	55540.3216169
3.54999538547	56764.8947886
3.55475248536	57997.1207044
3.55945804182	59236.79701
3.56411315985	60483.7180406
3.56871890929	61737.6748254
3.57327632627	62998.4550911
3.57778641468	64265.8432654
3.58225014742	65539.6204799
3.58666846773	66819.5645733
3.59104229031	68105.4500944
3.59537250253	69397.0483052
3.59965996548	70694.1271845
3.60390551496	71996.4514312
3.60810996254	73303.7824686
3.61227409642	74615.8784496
3.61639868235	75932.4942609
3.62048446446	77253.38153
3.62453216607	78578.2886314
3.62854249048	79906.9606942
3.63251612167	81239.1396108
3.63645372502	82574.5640466
3.64035594798	83912.9694503
3.64422342069	85254.088066
3.64805675661	86597.6489464
3.6518565531	87943.3779669
3.65562339197	89290.9978418
3.65935784002	90640.2281412
3.66306044957	91990.7853101
3.66673175892	93342.3826888
3.67037229282	94694.730535
3.67398256295	96047.5360476
3.67756306834	97400.5033924
3.68111429576	98753.3337298
3.68463672014	100105.725244
3.68813080496	101457.373176
3.69159700258	102807.969854
3.69503575465	104157.204733
3.69844749236	105504.764429
3.70183263687	106850.332765
3.70519159953	108193.590806
3.70852478224	109534.216911
3.71183257771	110871.886776
3.71511536973	112206.273485
3.71837353348	113537.047567
3.72160743573	114863.877044
3.72481743514	116186.427494
3.72800388247	117504.362112
3.73116712081	118817.341771
3.7343074858	120125.025092
3.73742530588	121427.068508
3.74052090242	122723.126345
3.74359459002	124012.85089
3.7466466766	125295.892473
3.74967746367	126571.89955
3.75268724645	127840.518786
3.75567631407	129101.395145
3.75864494972	130354.171981
3.76159343085	131598.491133
3.76452202928	132833.993024
3.76743101135	134060.316763
3.77032063811	135277.100252
3.77319116544	136483.98029
3.77604284414	137680.592691
3.77887592014	138866.572399
3.78169063457	140041.553604
3.7844872239	141205.169869
3.78726592008	142357.054257
3.79002695062	143496.83946
3.79277053872	144624.157933
3.79549690338	145738.642033
3.79820625949	146839.92416
3.80089881796	147927.636905
3.80357478579	149001.413195
3.80623436618	150060.886446
3.80887775862	151105.690723
3.81150515899	152135.460897
3.81411675961	153149.832809
3.81671274938	154148.443437
3.8192933138	155130.931068
3.82185863513	156096.935471
3.82440889237	157046.098076
3.82694426141	157978.062153
3.82946491508	158892.472998
3.83197102321	159788.978122
3.83446275271	160667.227439
3.83694026763	161526.873464
3.83940372922	162367.571507
3.84185329603	163188.979874
3.84428912392	163990.760075
3.84671136613	164772.577022
3.84912017339	165534.099244
3.8515156939	166274.999097
3.85389807343	166994.952977
3.85626745537	167693.641536
3.85862398077	168370.749903
3.86096778841	169025.967902
3.86329901482	169658.990274
3.86561779434	170269.516907
3.86792425919	170857.253055
3.87021853947	171421.909568
3.87250076325	171963.203123
3.87477105658	172480.856451
3.87702954354	172974.59857
3.87927634629	173444.165014
3.88151158512	173889.298067
3.88373537843	174309.746996
3.88594784286	174705.26828
3.88814909324	175075.625849
3.89033924268	175420.591308
3.89251840258	175739.944174
3.89468668268	176033.472106
3.89684419107	176300.971134
3.89899103425	176542.245885
3.90112731715	176757.109817
3.90325314315	176945.385434
3.90536861411	177106.904518
3.90747383044	177241.508345
3.90956889106	177349.047904
3.91165389351	177429.384113
3.91372893387	177482.388031
3.91579410692	177507.941065
3.91784950603	177505.935178
3.9198952233	177476.273087
3.9219313495	177418.868462
3.92395797416	177333.646116
3.92597518552	177220.542197
3.92798307065	177079.504363
3.92998171537	176910.491967
3.93197120435	176713.476222
3.93395162108	176488.440368
3.93592304794	176235.379835
3.93788556618	175954.302388
3.93983925594	175645.22828
3.94178419629	175308.190386
3.94372046527	174943.234337
3.94564813984	174550.418643
3.94756729596	174129.814808
3.94947800859	173681.507441
3.9513803517	173205.59435
3.95327439829	172702.18664
3.95516022041	172171.408791
3.95703788919	171613.39873
3.95890747481	171028.3079
3.96076904658	170416.301312
3.9626226729	169777.557589
3.96446842131	169112.269002
3.96630635849	168420.641498
3.96813655027	167702.894713
3.96995906167	166959.261976
3.97177395687	166189.990306
3.97358129926	165395.340398
3.97538115145	164575.586591
3.97717357526	163731.016836
3.97895863177	162861.932646
3.98073638128	161968.64904
3.98250688337	161051.494469
3.98427019689	160110.810741
3.98602637999	159146.952926
3.98777549009	158160.289255
3.98951758395	157151.201008
3.99125271762	156120.08239
3.9929809465	155067.340393
3.99470232533	153993.394656
3.99641690819	152898.677304
3.99812474853	151783.632785
3.99982589918	150648.71769
4.00152041234	149494.400566
4.0032083396	148321.161719
4.00488973197	147129.493007
4.00656463983	145919.89762
4.00823311302	144692.889853
4.0098952008	143448.994872
4.01155095184	142188.748461
4.01320041429	140912.696776
4.01484363573	139621.396074
4.01648066322	138315.412443
4.01811154326	136995.321519
4.01973632186	135661.708201
4.02135504451	134315.166351
4.02296775617	132956.298494
4.02457450133	131585.715502
4.02617532398	130204.036279
4.0277702676	128811.887438
4.02935937523	127409.902972
4.03094268943	125998.723911
4.03252025226	124578.997993
4.03409210538	123151.379307
4.03565828996	121716.527948
4.03721884674	120275.109665
4.03877381603	118827.795495
4.04032323767	117375.261409
4.04186715114	115918.187943
4.04340559543	114457.259835
4.04493860918	112993.16565
4.04646623058	111526.597414
4.04798849743	110058.250241
4.04950544715	108588.821958
4.05101711673	107119.012732
4.05252354283	105649.5247
4.05402476167	104181.061589
4.05552080915	102714.328349
4.05701172077	101250.030779
4.05849753167	99788.8751582
4.05997827663	98331.5678768
4.06145399007	96878.815071
4.06292470609	95431.3222597
4.0643904584	93989.7939842
4.06585128041	92554.9334519
4.06730720517	91127.4421831
4.0687582654	89708.0196624
4.0702044935	88297.3629938
4.07164592156	86896.1665612
4.07308258132	85505.1216942
4.07451450423	84124.9163378
4.07594172142	82756.2347298
4.07736426372	81399.7570824
4.07878216166	80056.1592707
4.08019544547	78726.1125281
4.08160414507	77410.283147
4.08300829011	76109.3321884
4.08440790994	74823.9151966
4.08580303365	73554.6819226
4.08719369002	72302.2760546
4.08857990757	71067.3349561
4.08996171456	69850.4894119
4.09133913894	68652.3633824
4.09271220845	67473.5737658
4.09408095053	66314.7301683
4.09544539236	65176.4346834
4.09680556089	64059.281679
4.0981614828	62963.8575935
4.09951318453	61890.7407404
4.10086069226	60840.5011215
4.10220403193	59813.7002488
4.10354322926	58810.8909758
4.10487830971	57832.6173366
4.10620929852	56879.4143947
4.10753622068	55951.8081
4.10885910098	55050.3151552
4.11017796396	54175.4428905
4.11149283395	53327.689147
4.11280373505	52507.5421699
4.11411069115	51715.4805084
4.11541372592	50951.9729265
4.11671286283	50217.4783204
4.11800812512	49512.445646
4.11929953583	48837.3138532
4.12058711782	48192.5118302
4.1218708937	47578.4583543
4.12315088592	46995.5620524
4.12442711672	46444.2213683
4.12569960813	45924.8245381
4.126968382	45437.7495742
4.12823346	44983.3642551
4.12949486359	44562.0261243
4.13075261405	44174.0824955
4.13200673249	43819.870465
4.13325723982	43499.7169312
4.13450415677	43213.9386201
4.13574750391	42962.8421182
4.13698730161	42746.7239106
4.13822357008	42565.8704259
4.13945632937	42420.5580866
4.14068559932	42311.0533646
4.14191139965	42237.6128428
4.14313374988	42200.4832813
4.14435266938	42199.9016882
4.14556817736	42236.0953957
4.14678029285	42309.2821401
4.14798903473	42419.6701459
4.14919442175	42567.4582143
4.15039647247	42752.8358151
4.1515952053	42975.9831824
4.15279063851	43237.0714137
4.15398279022	43536.2625717
4.1551716784	43873.7097905
4.15635732085	44249.5573826
4.15753973527	44663.9409513
4.15871893917	45116.987503
4.15989494994	45608.8155643
4.16106778483	46139.5353
4.16223746095	46709.2486339
4.16340399526	47318.0493716
4.16456740461	47966.023325
4.16572770568	48653.2484393
4.16688491504	49379.794921
4.16803904912	50145.7253676
4.16919012423	50951.0948991
4.17033815654	51795.9512906
4.17148316209	52680.3351055
4.1726251568	53604.2798308
4.17376415646	54567.8120126
4.17490017675	55570.9513922
4.1760332332	56613.7110432
4.17716334125	57696.097509
4.1782905162	58818.1109405
4.17941477322	59979.7452344
4.1805361274	61180.9881707
4.18165459369	62421.8215515
4.18277018691	63702.2213386
4.18388292179	65022.1577908
4.18499281295	66381.595602
4.18609987488	67780.4940373
4.18720412197	69218.8070696
4.18830556849	70696.4835153
4.18940422861	72213.4671687
4.1905001164	73769.6969361
4.19159324582	75365.1069691
4.19268363071	76999.6267964
4.19377128482	78673.1814545
4.1948562218	80385.6916178
4.19593845518	82137.0737271
4.19701799841	83927.2401168
4.19809486483	85756.0991408
4.19916906768	87623.555297
4.2002406201	89529.5093508
4.20130953515	91473.858456
4.20237582577	93456.4962758
4.20343950481	95477.3131006
4.20450058504	97536.1959652
4.20555907913	99633.0287642
4.20661499966	101767.692366
4.20766835909	103940.064723
4.20871916984	106150.020985
4.20976744421	108397.433604
4.2108131944	110682.172445
4.21185643254	113004.104888
4.21289717069	115363.09593
4.21393542078	117759.008292
4.21497119469	120191.702513
4.21600450419	122661.037051
4.217035361	125166.868376
4.21806377672	127709.051069
4.21908976289	130287.437909
4.22011333096	132901.879967
4.2211344923	135552.226695
4.22215325821	138238.326008
4.22316963989	140960.024377
4.22418364848	143717.166905
4.22519529503	146509.597411
4.22620459053	149337.158513
4.22721154588	152199.691701
4.22821617189	155097.037414
4.22921847934	158029.035118
4.23021847888	160995.523374
4.23121618113	163996.339912
4.23221159662	167031.321698
4.2332047358	170100.305004
4.23419560906	173203.125471
4.23518422673	176339.618174
4.23617059903	179509.617687
4.23715473616	182712.958139
4.23813664822	185949.473277
4.23911634524	189218.996522
4.2400938372	192521.361027
4.241069134	195856.399727
4.24204224548	199223.945398
4.24301318141	202623.830703
4.2439819515	206055.888245
4.24494856539	209519.950614
4.24591303264	213015.850435
4.24687536279	216543.420415
4.24783556527	220102.493383
4.24879364948	223692.902337
4.24974962474	227314.480483
4.25070350031	230967.061275
4.2516552854	234650.478457
4.25260498915	238364.566098
4.25355262064	242109.158626
4.25449818891	245884.09087
4.2554417029	249689.198086
4.25638317153	253524.315994
4.25732260365	257389.280811
4.25826000805	261283.929275
4.25919539346	265208.098683
4.26012876856	269161.626911
4.26106014198	273144.352446
4.26198952228	277156.114411
4.26291691797	281196.752587
4.26384233752	285266.107444
4.26476578932	289364.020155
4.26568728172	293490.332626
4.26660682303	297644.887512
4.26752442149	301827.528239
4.26844008528	306038.099024
4.26935382256	310276.444892
4.27026564141	314542.411695
4.27117554987	318835.846126
4.27208355592	323156.59574
4.27298966751	327504.508963
4.27389389253	331879.435112
4.27479623881	336281.224404
4.27569671415	340709.727972
4.27659532629	345164.797875
4.27749208291	349646.287113
4.27838699168	354154.049634
4.27928006019	358687.940343
4.28017129599	363247.815119
4.28106070658	367833.530815
4.28194829944	372444.945271
4.28283408197	377081.917322
4.28371806155	381744.306805
4.28460024549	386431.974561
4.28548064108	391144.782447
4.28635925556	395882.59334
4.28723609611	400645.27114
4.28811116989	405432.680775
4.288984484	410244.688207
4.2898560455	415081.160433
4.29072586142	419941.965492
4.29159393873	424826.972462
4.29246028437	429736.051468
4.29332490523	434669.073679
4.29418780817	439625.911314
4.29504900001	444606.437639
4.2959084875	449610.52697
4.29676627739	454638.054675
4.29762237637	459688.89717
4.29847679109	464762.931921
4.29932952817	469860.037443
4.30018059418	474980.093301
4.30102999566	480122.980104
