2.69897000434	20.6606602526
2.73165173438	32.3594028636
2.76204527187	46.4891126312
2.79045017088	62.5915576828
2.8171107587	80.4117728433
2.84222892917	99.7953614055
2.86597343335	120.641733934
2.88848675905	142.881424847
2.90989031292	166.464141743
2.93028838443	191.351996733
2.94977121968	217.51543871
2.96841743493	244.93068842
2.9862959328	273.578056408
3.00346743943	303.440803567
3.01998574916	334.504347982
3.03589874091	366.755699916
3.05124921497	400.18305122
3.06607558677	434.775471745
3.08041246612	470.522681411
3.09429114387	507.414876736
3.10774000319	545.442597193
3.12078486897	584.596621098
3.13344930637	624.867883705
3.145754877	666.24741214
3.15772135978	708.726273307
3.16936694224	752.295531824
3.18070838674	796.946215814
3.19176117563	842.669288899
3.20253963836	889.45562712
3.21305706312	937.295999798
3.22332579539	986.181053582
3.23335732507	1036.10129907
3.2431623637	1087.04709955
3.25275091327	1139.00866146
3.26213232751	1191.97602627
3.27131536673	1245.9390636
3.280308247	1300.88746525
3.28911868428	1356.81074014
3.29775393425	1413.69820991
3.30622082816	1471.53900513
3.31452580533	1530.32206203
3.32267494257	1590.03611964
3.33067398088	1650.66971735
3.33852834974	1712.21119275
3.34624318927	1774.64867981
3.35382337042	1837.97010728
3.36127351344	1902.16319731
3.3685980048	1967.2154643
3.37580101269	2033.11421392
3.38288650129	2099.84654227
3.38985824384	2167.39933522
3.39671983473	2235.75926789
3.40347470063	2304.91280424
3.41012611075	2374.84619675
3.41667718635	2445.54548633
3.42313090953	2516.99650217
3.42949013138	2589.18486186
3.43575757958	2662.09597148
3.44193586535	2735.71502587
3.44802749005	2810.02700895
3.45403485124	2885.01669416
3.45996024831	2960.66864496
3.46580588783	3036.96721548
3.47157388844	3113.89655118
3.47726628544	3191.44058968
3.48288503516	3269.5830616
3.48843201897	3348.30749161
3.49390904703	3427.59719942
3.49931786189	3507.43530099
3.50466014177	3587.80470977
3.50993750373	3668.68813806
3.51515150657	3750.06809843
3.52030365363	3831.92690532
3.52539539534	3914.24667661
3.53042813173	3997.00933543
3.53540321472	4080.19661197
3.54032195026	4163.79004544
3.54518560046	4247.77098612
3.54999538547	4332.12059753
3.55475248536	4416.81985871
3.55945804182	4501.84956656
3.56411315985	4587.19033839
3.56871890929	4672.82261447
3.57327632627	4758.72666081
3.57778641468	4844.88257194
3.58225014742	4931.27027392
3.58666846773	5017.86952737
3.59104229031	5104.65993073
3.59537250253	5191.62092353
3.59965996548	5278.73178984
3.60390551496	5365.97166189
3.60810996254	5453.31952375
3.61227409642	5540.75421514
3.61639868235	5628.25443542
3.62048446446	5715.79874769
3.62453216607	5803.36558301
3.62854249048	5890.93324474
3.63251612167	5978.47991308
3.63645372502	6065.98364967
3.64035594798	6153.42240239
3.64422342069	6240.77401025
3.64805675661	6328.01620845
3.6518565531	6415.12663353
3.65562339197	6502.08282877
3.65935784002	6588.86224959
3.66306044957	6675.44226917
3.66673175892	6761.80018424
3.67037229282	6847.9132209
3.67398256295	6933.75854071
3.67756306834	7019.3132468
3.68111429576	7104.55439022
3.68463672014	7189.45897637
3.68813080496	7274.00397158
3.69159700258	7358.16630983
3.69503575465	7441.92289962
3.69844749236	7525.25063094
3.70183263687	7608.12638241
3.70519159953	7690.52702855
3.70852478224	7772.42944715
3.71183257771	7853.81052678
3.71511536973	7934.64717447
3.71837353348	8014.91632345
3.72160743573	8094.59494108
3.72481743514	8173.66003679
3.72800388247	8252.0886703
3.73116712081	8329.85795982
3.7343074858	8406.94509039
3.73742530588	8483.32732239
3.74052090242	8558.98200008
3.74359459002	8633.88656029
3.7466466766	8708.01854118
3.74967746367	8781.35559111
3.75268724645	8853.87547759
3.75567631407	8925.55609633
3.75864494972	8996.37548033
3.76159343085	9066.31180914
3.76452202928	9135.34341806
3.76743101135	9203.44880753
3.77032063811	9270.60665246
3.77319116544	9336.79581178
3.77604284414	9401.99533784
3.77887592014	9466.18448603
3.78169063457	9529.34272433
3.7844872239	9591.44974295
3.78726592008	9652.48546395
3.79002695062	9712.43005092
3.79277053872	9771.26391865
3.79549690338	9828.96774285
3.79820625949	9885.52246976
3.80089881796	9940.9093259
3.80357478579	9995.10982771
3.80623436618	10048.1057912
3.80887775862	10099.8793414
3.81150515899	10150.4129223
3.81411675961	10199.6893062
3.81671274938	10247.6916028
3.8192933138	10294.4032693
3.82185863513	10339.8081194
3.82440889237	10383.8903325
3.82694426141	10426.6344631
3.82946491508	10468.0254497
3.83197102321	10508.0486241
3.83446275271	10546.68972
3.83694026763	10583.9348819
3.83940372922	10619.7706737
3.84185329603	10654.1840874
3.84428912392	10687.1625513
3.84671136613	10718.6939385
3.84912017339	10748.7665745
3.8515156939	10777.3692455
3.85389807343	10804.4912063
3.85626745537	10830.1221873
3.85862398077	10854.2524024
3.86096778841	10876.8725561
3.86329901482	10897.97385
3.86561779434	10917.5479902
3.86792425919	10935.5871937
3.87021853947	10952.0841943
3.87250076325	10967.0322493
3.87477105658	10980.4251449
3.87702954354	10992.2572019
3.87927634629	11002.5232812
3.88151158512	11011.218789
3.88373537843	11018.339681
3.88594784286	11023.8824677
3.88814909324	11027.8442182
3.89033924268	11030.2225644
3.89251840258	11031.0157046
3.89468668268	11030.222407
3.89684419107	11027.8420128
3.89899103425	11023.8744388
3.90112731715	11018.32018
3.90325314315	11011.1803122
3.90536861411	11002.456493
3.90747383044	10992.1509643
3.90956889106	10980.2665527
3.91165389351	10966.806671
3.91372893387	10951.7753184
3.91579410692	10935.1770811
3.91784950603	10917.0171317
3.9198952233	10897.3012293
3.9219313495	10876.0357184
3.92395797416	10853.227528
3.92597518552	10828.88417
3.92798307065	10803.0137377
3.92998171537	10775.6249034
3.93197120435	10746.7269161
3.93395162108	10716.329599
3.93592304794	10684.4433458
3.93788556618	10651.0791179
3.93983925594	10616.2484403
3.94178419629	10579.9633977
3.94372046527	10542.2366298
3.94564813984	10503.081327
3.94756729596	10462.511225
3.94947800859	10420.5405997
3.9513803517	10377.1842615
3.95327439829	10332.4575492
3.95516022041	10286.3763239
3.95703788919	10238.9569624
3.95890747481	10190.2163503
3.96076904658	10140.171875
3.9626226729	10088.8414184
3.96446842131	10036.2433488
3.96630635849	9982.39651341
3.96813655027	9927.32023007
3.96995906167	9871.03427873
3.97177395687	9813.55889281
3.97358129926	9754.91475036
3.97538115145	9695.12296485
3.97717357526	9634.20507587
3.97895863177	9572.18303959
3.98073638128	9509.07921895
3.98250688337	9444.91637376
3.98427019689	9379.71765056
3.98602637999	9313.50657229
3.98777549009	9246.30702786
3.98951758395	9178.14326152
3.99125271762	9109.03986204
3.9929809465	9039.02175188
3.99470232533	8968.11417611
3.99641690819	8896.34269126
3.99812474853	8823.73315408
3.99982589918	8750.31171016
4.00152041234	8676.10478251
4.0032083396	8601.13906003
4.00488973197	8525.44148591
4.00656463983	8449.03924598
4.00823311302	8371.95975702
4.0098952008	8294.23065503
4.01155095184	8215.87978343
4.01320041429	8136.93518131
4.01484363573	8057.42507159
4.01648066322	7977.37784926
4.01811154326	7896.82206957
4.01973632186	7815.78643625
4.02135504451	7734.29978976
4.02296775617	7652.39109561
4.02457450133	7570.08943265
4.02617532398	7487.42398145
4.0277702676	7404.42401278
4.02935937523	7321.11887612
4.03094268943	7237.53798819
4.03252025226	7153.71082171
4.03409210538	7069.66689409
4.03565828996	6985.43575633
4.03721884674	6901.046982
4.03877381603	6816.5301563
4.04032323767	6731.91486525
4.04186715114	6647.23068506
4.04340559543	6562.50717153
4.04493860918	6477.7738497
4.04646623058	6393.06020351
4.04798849743	6308.39566573
4.04950544715	6223.80960799
4.05101711673	6139.3313309
4.05252354283	6054.99005441
4.05402476167	5970.81490834
4.05552080915	5886.83492295
4.05701172077	5803.07901982
4.05849753167	5719.57600278
4.05997827663	5636.35454906
4.06145399007	5553.44320061
4.06292470609	5470.87035552
4.0643904584	5388.66425968
4.06585128041	5306.85299855
4.06730720517	5225.46448908
4.0687582654	5144.52647183
4.0702044935	5064.06650319
4.07164592156	4984.11194774
4.07308258132	4904.68997083
4.07451450423	4825.82753115
4.07594172142	4747.55137356
4.07736426372	4669.88802192
4.07878216166	4592.86377212
4.08019544547	4516.50468516
4.08160414507	4440.83658027
4.08300829011	4365.88502818
4.08440790994	4291.67534439
4.08580303365	4218.23258253
4.08719369002	4145.58152771
4.08857990757	4073.74668989
4.08996171456	4002.75229727
4.09133913894	3932.62228968
4.09271220845	3863.38031189
4.09408095053	3795.0497069
4.09544539236	3727.65350922
4.09680556089	3661.21443799
4.0981614828	3595.75489012
4.09951318453	3531.29693324
4.10086069226	3467.86229865
4.10220403193	3405.4723741
4.10354322926	3344.14819652
4.10487830971	3283.91044466
4.10620929852	3224.7794316
4.10753622068	3166.77509728
4.10885910098	3109.91700093
4.11017796396	3054.22431358
4.11149283395	2999.71581054
4.11280373505	2946.40986401
4.11411069115	2894.32443592
4.11541372592	2843.4770709
4.11671286283	2793.88488972
4.11800812512	2745.56458304
4.11929953583	2698.53240578
4.12058711782	2652.80417219
4.1218708937	2608.39525163
4.12315088592	2565.32056541
4.12442711672	2523.59458463
4.12569960813	2483.23132935
4.126968382	2444.24436912
4.12823346	2406.64682508
4.12949486359	2370.45137376
4.13075261405	2335.67025263
4.13200673249	2302.31526773
4.13325723982	2270.39780314
4.13450415677	2239.92883265
4.13574750391	2210.91893345
4.13698730161	2183.37830191
4.13822357008	2157.31677139
4.13945632937	2132.74383187
4.14068559932	2109.6686514
4.14191139965	2088.10009905
4.14313374988	2068.04676904
4.14435266938	2049.51700598
4.14556817736	2032.51893063
4.14678029285	2017.0604659
4.14798903473	2003.14936278
4.14919442175	1990.7932256
4.15039647247	1979.99953637
4.1515952053	1970.77567768
4.15279063851	1963.12895384
4.15398279022	1957.06660986
4.1551716784	1952.59584794
4.15635732085	1949.72384127
4.15753973527	1948.45774485
4.15871893917	1948.80470329
4.15989494994	1950.77185542
4.16106778483	1954.36633577
4.16223746095	1959.59527302
4.16340399526	1966.46578545
4.16456740461	1974.98497378
4.16572770568	1985.1599114
4.16688491504	1996.99763252
4.16803904912	2010.50511846
4.16919012423	2025.68928242
4.17033815654	2042.55695318
4.17148316209	2061.114858
4.1726251568	2081.36960519
4.17376415646	2103.3276666
4.17490017675	2126.9953604
4.1760332332	2152.37883445
4.17716334125	2179.48405048
4.1782905162	2208.31676932
4.17941477322	2238.88253737
4.1805361274	2271.1866744
4.18165459369	2305.23426284
4.18277018691	2341.03013856
4.18388292179	2378.57888321
4.18499281295	2417.88481807
4.18609987488	2458.95199946
4.18720412197	2501.78421555
4.18830556849	2546.38498454
4.18940422861	2592.75755418
4.1905001164	2640.90490241
4.19159324582	2690.82973913
4.19268363071	2742.53450892
4.19377128482	2796.02139458
4.1948562218	2851.2923215
4.19593845518	2908.34896256
4.19701799841	2967.19274368
4.19809486483	3027.82484969
4.19916906768	3090.24623061
4.2002406201	3154.45760824
4.20130953515	3220.45948283
4.20237582577	3288.25213995
4.20343950481	3357.83565744
4.20450058504	3429.20991227
4.20555907913	3502.37458752
4.20661499966	3577.32917913
4.20766835909	3654.07300268
4.20871916984	3732.60519995
4.20976744421	3812.92474542
4.2108131944	3895.03045247
4.21185643254	3978.92097958
4.21289717069	4064.59483617
4.21393542078	4152.0503884
4.21497119469	4241.28586461
4.21600450419	4332.29936074
4.217035361	4425.08884542
4.21806377672	4519.65216493
4.21908976289	4615.98704794
4.22011333096	4714.09111011
4.2211344923	4813.96185844
4.22215325821	4915.5966955
4.22316963989	5018.99292351
4.22418364848	5124.14774817
4.22519529503	5231.05828244
4.22620459053	5339.7215501
4.22721154588	5450.13448923
4.22821617189	5562.29395547
4.22921847934	5676.19672524
4.23021847888	5791.83949882
4.23121618113	5909.21890326
4.23221159662	6028.33149525
4.2332047358	6149.17376387
4.23419560906	6271.74213318
4.23518422673	6396.03296484
4.23617059903	6522.04256051
4.23715473616	6649.76716428
4.23813664822	6779.20296492
4.23911634524	6910.34609815
4.2400938372	7043.19264878
4.241069134	7177.73865278
4.24204224548	7313.98009933
4.24301318141	7451.91293276
4.2439819515	7591.53305447
4.24494856539	7732.83632478
4.24591303264	7875.81856469
4.24687536279	8020.47555768
4.24783556527	8166.80305138
4.24879364948	8314.7967592
4.24974962474	8464.45236197
4.25070350031	8615.76550949
4.2516552854	8768.73182205
4.25260498915	8923.34689191
4.25355262064	9079.60628474
4.25449818891	9237.50554105
4.2554417029	9397.04017753
4.25638317153	9558.2056884
4.25732260365	9720.99754675
4.25826000805	9885.41120573
4.25919539346	10051.4420999
4.26012876856	10219.0856463
4.26106014198	10388.3372457
4.26198952228	10559.1922839
4.26291691797	10731.6461326
4.26384233752	10905.6941505
4.26476578932	11081.3316848
4.26568728172	11258.5540716
4.26660682303	11437.3566374
4.26752442149	11617.7346998
4.26844008528	11799.6835688
4.26935382256	11983.1985473
4.27026564141	12168.2749325
4.27117554987	12354.9080165
4.27208355592	12543.0930871
4.27298966751	12732.8254288
4.27389389253	12924.1003239
4.27479623881	13116.9130529
4.27569671415	13311.2588952
4.27659532629	13507.1331304
4.27749208291	13704.5310386
4.27838699168	13903.4479014
4.27928006019	14103.8790025
4.28017129599	14305.8196283
4.28106070658	14509.2650688
4.28194829944	14714.2106179
4.28283408197	14920.6515746
4.28371806155	15128.583243
4.28460024549	15338.0009335
4.28548064108	15548.8999629
4.28635925556	15761.2756552
4.28723609611	15975.1233421
4.28811116989	16190.4383638
4.288984484	16407.216069
4.2898560455	16625.451816
4.29072586142	16845.1409725
4.29159393873	17066.278917
4.29246028437	17288.8610385
4.29332490523	17512.8827371
4.29418780817	17738.3394249
4.29504900001	17965.2265257
4.2959084875	18193.5394761
4.29676627739	18423.2737254
4.29762237637	18654.4247364
4.29847679109	18886.9879853
4.29932952817	19120.9589626
4.30018059418	19356.3331731
4.30102999566	19593.1061361
